Updated On,State,TotalDosesAdministered,TotalSessionsConducted,TotalSites ,FirstDoseAdministered,SecondDoseAdministered,Male,Female,Transgender,Covaxin,CoviShield,SputnikV,AEFI,18_45_years,45_60_years,60_+_years,Total_Individuals_Vaccinated
16-03-2021,Assam,597787,119280,803,505646,92141,314712,190874,60,92483,505304,,106,169986,265168,70424,505646
17-03-2021,Assam,614990,85540,567,520961,94029,324142,196758,61,94505,520485,,107,171718,270237,78938,520961
18-03-2021,Assam,635553,116020,816,537405,98148,334494,202850,61,96435,539118,,107,174612,276736,85987,537405
19-03-2021,Assam,655677,120427,827,552023,103654,343161,208801,61,98209,557468,,107,176803,282082,93066,552023
20-03-2021,Assam,674602,113750,795,565687,108915,351292,214334,61,100725,573877,,107,179043,287348,99223,565687
21-03-2021,Assam,678170,12540,105,568629,109541,353042,215526,61,101067,577103,,107,179432,288415,100709,568629
22-03-2021,Assam,707326,143030,1067,590616,116710,365726,224828,62,104269,603057,,107,182150,295929,112461,590616
23-03-2021,Assam,837889,303310,2113,711817,126072,426192,285543,82,113631,724258,,110,186885,332826,192024,711817
24-03-2021,Assam,875007,131570,1007,745478,129529,443576,301816,86,116964,758043,,110,188951,344382,212060,745478
25-03-2021,Assam,965022,268200,1993,828339,136683,484398,343842,99,124396,840626,,118,192489,374783,260981,828339
26-03-2021,Assam,1020002,215810,1720,878784,141218,509031,369648,105,131324,888678,,125,194790,395242,288661,878784
27-03-2021,Assam,1043681,100930,909,900947,142734,519862,380980,105,135354,908327,,125,195907,405286,299663,900947
28-03-2021,Assam,1044730,26480,182,901960,142770,520433,381422,105,135434,909296,,125,195978,405754,300137,901960
29-03-2021,Assam,1047861,104610,599,904676,143185,521782,382789,105,135630,912231,,126,196209,406725,301651,904676
30-03-2021,Assam,1080940,243250,1541,932808,148132,535587,397106,115,141286,939654,,131,197798,417721,317197,932808
31-03-2021,Assam,1098355,207075,1222,946438,151917,542369,403954,115,144878,953477,,133,198720,423174,324451,946438
01-04-2021,Assam,1127935,233815,1482,970643,157292,553813,416712,118,148645,979290,,133,199758,437710,333080,970643
02-04-2021,Assam,1167002,210220,1423,1002220,164782,568626,433473,121,153608,1013394,,136,200977,457482,343666,1002220
03-04-2021,Assam,1203976,226770,1629,1030573,173403,582316,448135,122,158037,1045939,,142,202323,475146,353011,1030573
04-04-2021,Assam,1225287,134500,876,1047611,177676,590703,456786,122,160819,1064468,,145,203185,485826,358507,1047611
05-04-2021,Assam,1262224,265440,1797,1075940,186284,604492,471325,123,165916,1096308,,145,203540,503709,368598,1075940
06-04-2021,Assam,1290110,220500,1524,1097741,192369,615074,482540,127,169735,1120375,,145,203652,517730,376265,1097741
07-04-2021,Assam,1338480,183231,1279,1133750,204730,632976,500643,131,176010,1162470,,153,204020,540850,388786,1133750
08-04-2021,Assam,1405074,228070,1746,1181704,223370,657559,524011,134,186386,1218688,,153,204406,571911,405293,1181704
09-04-2021,Assam,1454260,206150,1564,1215483,238777,674781,540564,138,196909,1257351,,155,205006,593450,416933,1215483
10-04-2021,Assam,1486087,143090,1195,1236130,249957,685641,550345,144,205481,1280606,,156,205401,607043,423592,1236130
11-04-2021,Assam,1498693,138010,1069,1244425,254268,690131,554148,146,208915,1289778,,157,205553,612616,426161,1244425
12-04-2021,Assam,1530751,179270,1372,1263243,267508,699911,563184,148,219354,1311397,,157,206037,624566,432546,1263243
13-04-2021,Assam,1549948,151430,1182,1274714,275234,706415,568151,148,227004,1322944,,157,206477,631982,436161,1274714
14-04-2021,Assam,1553876,152680,1151,1276940,276936,707641,569151,148,228510,1325366,,157,206471,633527,436846,1276940
15-04-2021,Assam,1555448,148987,1087,1277864,277584,708199,569517,148,229009,1326439,,157,206434,634234,437100,1277864
16-04-2021,Assam,1564454,144480,1086,1282985,281469,711115,571722,148,231490,1332964,,158,206502,637613,438774,1282985
17-04-2021,Assam,1586181,97050,799,1295462,290719,718336,576975,151,236613,1349568,,158,206946,645884,442534,1295462
18-04-2021,Assam,1597465,146130,1124,1302992,294473,722692,580148,152,239059,1358406,,158,207103,651016,444774,1302992
19-04-2021,Assam,1676713,328720,2338,1351522,325191,749428,601937,157,253460,1423253,,159,208367,683236,459817,1351522
20-04-2021,Assam,1770372,231990,1776,1415214,355158,784453,630597,164,270492,1499880,,160,210157,725590,479364,1415214
21-04-2021,Assam,1824812,268650,2048,1454891,369921,805653,649068,170,285438,1539374,,161,211390,751889,491504,1454891
22-04-2021,Assam,1898130,265460,2146,1508583,389547,834647,673755,181,309712,1588418,,161,213859,787545,507070,1508583
23-04-2021,Assam,1960809,170580,1402,1556972,403837,860686,696098,188,342507,1618302,,162,216166,820046,520649,1556972
24-04-2021,Assam,2005823,104270,907,1592952,412871,879818,712939,195,372430,1633393,,163,217866,844442,530532,1592952
25-04-2021,Assam,2020521,94500,797,1605126,415395,886426,718504,196,380857,1639664,,165,218357,852842,533814,1605126
26-04-2021,Assam,2104727,224700,1774,1664201,440526,916908,747089,204,409759,1694968,,165,220861,892288,550938,1664201
27-04-2021,Assam,2192325,187600,1502,1728642,463683,951032,777398,212,431886,1760439,,165,311372,848162,568990,1728642
28-04-2021,Assam,2242653,162650,1270,1766829,475824,971425,795183,221,445376,1797277,,165,313984,873301,579426,1766829
29-04-2021,Assam,2349267,227600,1797,1846567,502700,1012782,833557,228,465853,1883414,,165,317694,926990,601782,1846567
30-04-2021,Assam,2480734,255340,2021,1946800,533934,1063022,883544,234,486029,1994705,,165,321825,994255,630619,1946800
01-05-2021,Assam,2574065,216540,1725,2020530,553535,1100539,919744,247,500559,2073506,,165,324536,1044947,650946,2020530
02-05-2021,Assam,2589899,78620,683,2033174,556725,1106977,925945,252,502560,2087339,,165,324089,1054509,654478,2033174
03-05-2021,Assam,2675846,240270,1815,2096948,578898,1138713,957974,261,514792,2161054,,166,327220,1097568,672062,2096948
04-05-2021,Assam,2751204,230390,1774,2152500,598704,1167151,985071,278,525870,2225334,,167,330487,1134780,687124,2152500
05-05-2021,Assam,2785838,118020,1011,2176851,608987,1179823,996748,280,531637,2254201,,167,332408,1150784,693550,2176851
06-05-2021,Assam,2835452,189650,1556,2211808,623644,1197939,1013583,286,539842,2295610,,167,335556,1173208,702929,2211808
07-05-2021,Assam,2919568,187505,1569,2277554,642014,1235029,1042229,296,577829,2341739,,168,371836,1194178,711425,2277554
08-05-2021,Assam,3002857,191800,1583,2346318,656539,1273627,1072381,310,619997,2382860,,168,412280,1214611,719312,2346318
09-05-2021,Assam,3027029,71375,620,2366422,660607,1284673,1081433,316,630457,2396572,,168,422759,1221794,721754,2366422
10-05-2021,Assam,3120516,170660,1440,2434046,686470,1320195,1113520,331,660279,2460237,,171,451557,1249983,732373,2434046
11-05-2021,Assam,3197150,153180,1335,2487465,709685,1348498,1138630,337,672253,2524897,,172,470263,1275069,741984,2487465
12-05-2021,Assam,3233331,97700,872,2518410,714921,1364821,1153243,346,675598,2557733,,175,481388,1290075,746788,2518410
13-05-2021,Assam,3280423,116930,1054,2556294,724129,1385265,1170680,349,685431,2594992,,175,499384,1304594,752154,2556294
14-05-2021,Assam,3305992,78590,696,2578539,727453,1397331,1180855,353,689106,2616886,,175,512416,1311456,754500,2578539
15-05-2021,Assam,3362553,151160,1230,2631676,730877,1426380,1204930,366,694297,2668256,,175,550351,1322968,758184,2631676
16-05-2021,Assam,3401496,82577,617,2670104,731392,1447496,1222237,371,696501,2704995,,175,583311,1327195,759416,2670104
17-05-2021,Assam,3471991,163978,1189,2730754,741237,1480451,1249923,380,709527,2762464,,177,627221,1339727,763614,2730754
18-05-2021,Assam,3531930,182510,1315,2782676,749254,1508999,1273279,398,721986,2809944,,178,665172,1350216,767079,2782676
19-05-2021,Assam,3569472,97106,759,2815640,753832,1527526,1287708,406,729209,2840263,,178,691380,1355316,768721,2815640
20-05-2021,Assam,3620350,124193,964,2859912,760438,1552250,1307240,422,739764,2880586,,178,725986,1362663,771021,2859912
21-05-2021,Assam,3665676,144295,974,2898355,767321,1573436,1324491,428,750232,2915444,0,178,752848,1371454,773801,2898355
22-05-2021,Assam,3716056,172295,1181,2938533,777523,1595372,1342724,437,763461,2952595,0,179,773557,1386471,778249,2938533
23-05-2021,Assam,3753633,106352,795,2972648,780985,1613825,1358379,444,768150,2985483,0,179,794280,1396994,781111,2972648
24-05-2021,Assam,3830284,209014,1383,3034071,796213,1646305,1387308,458,786938,3043346,0,179,819675,1424493,789630,3034071
25-05-2021,Assam,3899915,218448,1403,3091355,808560,1677164,1413721,470,801763,3098152,0,179,846299,1448006,796769,3091355
26-05-2021,Assam,3935243,147117,944,3121529,813714,1693713,1427338,478,807676,3127567,0,179,862808,1458710,799719,3121529
27-05-2021,Assam,3981992,167200,1053,3162794,819198,1716278,1446025,491,813922,3168070,0,180,881794,1476044,804650,3162794
28-05-2021,Assam,4027266,157858,1024,3203859,823407,1738212,1465139,508,818118,3209148,0,180,900287,1493686,809573,3203859
29-05-2021,Assam,4073879,139153,845,3246700,827179,1761694,1484490,516,822627,3251252,0,181,923016,1509447,813914,3246700
30-05-2021,Assam,4094193,69905,440,3265432,828761,1772329,1492586,517,824324,3269869,0,181,932507,1516734,815868,3265432
31-05-2021,Assam,4137653,141250,933,3304493,833160,1793541,1510430,522,829235,3308418,0,181,948306,1534706,821156,3304493
01-06-2021,Assam,4174820,133030,883,3337376,837444,1811596,1525252,528,833370,3341450,0,181,959270,1551817,825961,3337376
02-06-2021,Assam,4200000,102020,616,3359700,840300,1823697,1535471,532,836301,3363699,0,181,968153,1562439,828779,3359700
03-06-2021,Assam,4235371,134598,829,3392421,842950,1841617,1550267,537,838735,3396636,0,181,981865,1577067,833160,3392421
04-06-2021,Assam,4274481,132569,860,3429205,845276,1861437,1567215,553,840957,3433524,0,182,998273,1593052,837523,3429205
05-06-2021,Assam,4315221,137529,836,3467449,847772,1881821,1585066,562,843193,3472028,0,182,1015786,1609094,842207,3467449
06-06-2021,Assam,4339728,89359,457,3489368,850360,1893431,1595370,567,845915,3493813,0,182,1028149,1616495,844359,3489368
07-06-2021,Assam,4389697,165567,891,3534232,855465,1916641,1617015,576,850547,3539150,0,182,1050641,1633838,849382,3534232
08-06-2021,Assam,4451360,191115,937,3590740,860620,1946092,1644062,586,854926,3596434,0,183,1079993,1654547,855822,3590740
09-06-2021,Assam,4491566,134632,569,3623460,868106,1963174,1659697,589,862352,3629214,0,183,1097705,1666000,859371,3623460
10-06-2021,Assam,4585754,210842,1061,3695526,890228,2002615,1692300,611,885083,3700671,0,183,1153217,1678565,863347,3695526
11-06-2021,Assam,4674511,184211,1081,3769894,904617,2043389,1725883,622,899934,3774577,0,184,1214430,1688545,866506,3769894
12-06-2021,Assam,4758849,185884,956,3841521,917328,2082052,1758834,635,912611,3846238,0,194,1273547,1698142,869415,3841521
13-06-2021,Assam,4811949,120011,563,3883727,928222,2104652,1778433,642,923873,3888076,0,194,1306428,1705312,871565,3883727
14-06-2021,Assam,4891540,166814,1055,3937220,954320,2132754,1803819,647,949940,3941600,0,196,1335895,1723648,877250,3937220
15-06-2021,Assam,4951863,143213,891,3984232,967631,2157377,1826201,654,961623,3990240,0,196,1358508,1742323,882972,3984232
16-06-2021,Assam,4998717,131572,707,4018537,980180,2174956,1842924,657,973077,4025640,0,196,1373830,1757121,887148,4018537
17-06-2021,Assam,5092307,223552,1131,4089782,1002525,2212025,1877087,670,990759,4101548,0,196,1415638,1779674,894022,4089782
18-06-2021,Assam,5210614,268139,1236,4179861,1030753,2259424,1919758,679,1016553,4194061,0,196,1486572,1794509,898321,4179861
19-06-2021,Assam,5324600,266128,1171,4269193,1055407,2305795,1962702,696,1038543,4286057,0,196,1558681,1807872,902166,4269193
20-06-2021,Assam,5360385,96606,373,4294662,1065723,2319607,1974357,698,1048723,4311662,0,196,1579068,1811814,903299,4294662
21-06-2021,Assam,5721227,1164787,2395,4635279,1085948,2497545,2136966,768,1062023,4659204,0,196,1852091,1864181,918457,4635279
22-06-2021,Assam,5989078,868388,1979,4885776,1103302,2626287,2258679,810,1075238,4913840,0,197,2046406,1906943,931869,4885776
23-06-2021,Assam,6354626,1081662,2189,5233285,1121341,2801276,2431148,861,1086179,5268447,0,197,2312518,1969101,951096,5233285
24-06-2021,Assam,6523851,592489,1240,5387805,1136046,2879711,2507213,881,1097552,5426299,0,197,2428830,1998228,960167,5387805
25-06-2021,Assam,6688421,583005,1256,5535855,1152566,3625323,3062095,1003,1108737,5579684,0,197,2912954,2499723,1275744,5535855
26-06-2021,Assam,6841405,567826,1248,5658679,1182726,3706922,3133460,1023,1131869,5709536,0,197,3012521,2539669,1289215,5658679
27-06-2021,Assam,6854797,55892,138,5668536,1186261,3714199,3139573,1025,1134829,5719968,0,197,3021832,2542707,1290258,5668536
28-06-2021,Assam,6976615,533647,1038,5765156,1211459,3778102,3197473,1040,1153140,5823475,0,197,3097062,2577141,1302412,5765156
29-06-2021,Assam,7008658,163940,467,5785111,1223547,3794922,3212692,1044,1162686,5845972,0,197,3114083,2588060,1306515,5785111
30-06-2021,Assam,7022922,103905,336,5792056,1230866,3802937,3218939,1046,1168764,5854108,50,197,3121061,2593256,1308605,5792056
01-07-2021,Assam,7206783,499487,1196,5957147,1249636,3900674,3305045,1064,1172463,6034198,122,197,3247356,2635774,1323653,5957147
02-07-2021,Assam,7445311,656965,1556,6169491,1275820,4024202,3420013,1096,1175598,6269550,163,197,3406946,2692637,1345728,6169491
03-07-2021,Assam,7597121,366320,1107,6302541,1294580,4103763,3492246,1112,1178417,6418490,214,201,3506512,2729630,1360979,6302541
04-07-2021,Assam,7629506,86341,231,6329978,1299528,4121112,3507276,1118,1178711,6450581,214,217,3526890,2738084,1364532,6329978
05-07-2021,Assam,7690157,174355,668,6380179,1309978,4152720,3536315,1122,1181983,6507914,260,220,3565066,2753594,1371497,6380179
06-07-2021,Assam,7712614,84070,391,6396900,1315714,4164352,3547137,1125,1184422,6527898,294,221,3578105,2760155,1374354,6396900
