Updated On,State,TotalDosesAdministered,TotalSessionsConducted,TotalSites ,FirstDoseAdministered,SecondDoseAdministered,Male,Female,Transgender,Covaxin,CoviShield,SputnikV,AEFI,18_45_years,45_60_years,60_+_years,Total_Individuals_Vaccinated
16-03-2021,Dadra and Nagar Haveli and Daman and Diu,19497,4500,45,15828,3669,8135,7693,0,0,19497,,83,6074,4164,5579,15828
17-03-2021,Dadra and Nagar Haveli and Daman and Diu,21037,2600,26,17143,3894,8851,8292,0,0,21037,,83,6087,4499,6546,17143
18-03-2021,Dadra and Nagar Haveli and Daman and Diu,21695,3800,38,17573,4122,9063,8510,0,0,21695,,83,6122,4629,6811,17573
19-03-2021,Dadra and Nagar Haveli and Daman and Diu,22889,4900,49,18481,4408,9526,8955,0,0,22889,,83,6147,4877,7446,18481
20-03-2021,Dadra and Nagar Haveli and Daman and Diu,23782,1600,16,19170,4612,9898,9272,0,0,23782,,83,6338,5081,7740,19170
21-03-2021,Dadra and Nagar Haveli and Daman and Diu,23840,200,2,19218,4622,9921,9297,0,0,23840,,83,6359,5095,7753,19218
22-03-2021,Dadra and Nagar Haveli and Daman and Diu,24700,5300,53,19992,4708,10328,9664,0,0,24700,,83,6390,5332,8259,19992
23-03-2021,Dadra and Nagar Haveli and Daman and Diu,26241,2500,25,21322,4919,11008,10314,0,0,26241,,83,6457,5774,9080,21322
24-03-2021,Dadra and Nagar Haveli and Daman and Diu,26823,4200,42,21779,5044,11274,10505,0,0,26823,,83,6490,5955,9323,21779
25-03-2021,Dadra and Nagar Haveli and Daman and Diu,27819,4800,48,22593,5226,11715,10878,0,0,27819,,83,6523,6328,9731,22593
26-03-2021,Dadra and Nagar Haveli and Daman and Diu,28419,1800,18,23111,5308,12018,11093,0,0,28419,,83,6590,6610,9900,23111
27-03-2021,Dadra and Nagar Haveli and Daman and Diu,28447,4000,40,23138,5309,12031,11107,0,0,28447,,83,6590,6629,9908,23138
28-03-2021,Dadra and Nagar Haveli and Daman and Diu,28457,3600,33,23148,5309,12038,11110,0,0,28457,,83,6590,6638,9909,23148
29-03-2021,Dadra and Nagar Haveli and Daman and Diu,29349,5800,54,23794,5555,12315,11479,0,0,29349,,83,6684,6899,10200,23794
30-03-2021,Dadra and Nagar Haveli and Daman and Diu,30198,5100,49,24471,5727,12683,11788,0,0,30198,,83,6807,7177,10476,24471
31-03-2021,Dadra and Nagar Haveli and Daman and Diu,32990,6250,57,27071,5919,14326,12745,0,0,32990,,83,6937,9254,10869,27071
01-04-2021,Dadra and Nagar Haveli and Daman and Diu,37137,4450,39,30937,6200,16908,14029,0,0,37137,,84,7084,12431,11412,30937
02-04-2021,Dadra and Nagar Haveli and Daman and Diu,40942,6900,52,34424,6518,19261,15163,0,0,40942,,85,7222,15212,11980,34424
03-04-2021,Dadra and Nagar Haveli and Daman and Diu,44217,6850,62,37495,6722,21173,16322,0,0,44217,,85,7326,17733,12426,37495
04-04-2021,Dadra and Nagar Haveli and Daman and Diu,48053,7900,70,40921,7132,23368,17553,0,0,48053,,85,7334,20561,13016,40921
05-04-2021,Dadra and Nagar Haveli and Daman and Diu,50515,7300,69,43184,7331,24851,18333,0,0,50515,,85,7338,22470,13366,43184
06-04-2021,Dadra and Nagar Haveli and Daman and Diu,56029,6950,67,48313,7716,28194,20119,0,0,56029,,85,7342,26855,14106,48313
07-04-2021,Dadra and Nagar Haveli and Daman and Diu,60292,7750,70,52156,8136,30681,21475,0,0,60292,,85,7358,30038,14750,52156
08-04-2021,Dadra and Nagar Haveli and Daman and Diu,64160,6950,69,55718,8442,33023,22695,0,0,64160,,85,7409,32931,15368,55718
09-04-2021,Dadra and Nagar Haveli and Daman and Diu,67908,7100,71,59130,8778,34983,24146,1,0,67908,,85,7504,35676,15940,59130
10-04-2021,Dadra and Nagar Haveli and Daman and Diu,70523,7350,73,61498,9025,36272,25224,2,0,70523,,85,7516,37444,16528,61498
11-04-2021,Dadra and Nagar Haveli and Daman and Diu,74110,7600,76,64703,9407,38111,26590,2,0,74110,,85,7894,39742,17057,64703
12-04-2021,Dadra and Nagar Haveli and Daman and Diu,76064,7300,73,66367,9697,39159,27206,2,0,76064,,85,7970,40986,17401,66367
13-04-2021,Dadra and Nagar Haveli and Daman and Diu,77860,6900,69,67859,10001,40078,27778,3,0,77860,,85,8020,42129,17700,67859
14-04-2021,Dadra and Nagar Haveli and Daman and Diu,79439,7200,70,69063,10376,40813,28247,3,0,79439,,85,8188,42988,17877,69063
15-04-2021,Dadra and Nagar Haveli and Daman and Diu,81476,6600,66,70628,10848,41857,28768,3,0,81476,,85,8532,44001,18085,70628
16-04-2021,Dadra and Nagar Haveli and Daman and Diu,83143,6400,63,71964,11179,42794,29167,3,0,83143,,85,8819,44926,18209,71964
17-04-2021,Dadra and Nagar Haveli and Daman and Diu,83679,6600,66,72365,11314,43073,29289,3,0,83679,,85,8859,45218,18278,72365
18-04-2021,Dadra and Nagar Haveli and Daman and Diu,84945,7000,70,73240,11705,43691,29546,3,0,84945,,85,8998,45829,18403,73240
19-04-2021,Dadra and Nagar Haveli and Daman and Diu,86395,6600,66,74293,12102,44279,30011,3,0,86395,,85,9441,46321,18521,74293
20-04-2021,Dadra and Nagar Haveli and Daman and Diu,87079,5900,59,74768,12311,44608,30157,3,0,87079,,85,9507,46682,18569,74768
21-04-2021,Dadra and Nagar Haveli and Daman and Diu,88091,6700,67,75414,12677,44982,30429,3,0,88091,,85,9600,47110,18694,75414
22-04-2021,Dadra and Nagar Haveli and Daman and Diu,89186,6000,60,76124,13062,45412,30709,3,0,89186,,85,9756,47553,18804,76124
23-04-2021,Dadra and Nagar Haveli and Daman and Diu,90101,5400,54,76716,13385,45761,30952,3,0,90101,,85,9866,47974,18865,76716
24-04-2021,Dadra and Nagar Haveli and Daman and Diu,90450,5300,53,76905,13545,45864,31038,3,0,90450,,85,9887,48106,18901,76905
25-04-2021,Dadra and Nagar Haveli and Daman and Diu,91408,6550,65,77374,14034,46148,31223,3,0,91408,,85,9953,48427,18983,77374
26-04-2021,Dadra and Nagar Haveli and Daman and Diu,92300,6400,63,77814,14486,46398,31413,3,0,92300,,85,12030,46694,19079,77814
27-04-2021,Dadra and Nagar Haveli and Daman and Diu,93189,5400,54,78216,14973,46624,31589,3,0,93189,,85,12114,46935,19156,78216
28-04-2021,Dadra and Nagar Haveli and Daman and Diu,94148,6200,62,78680,15468,46889,31788,3,0,94148,,85,12219,47201,19251,78680
29-04-2021,Dadra and Nagar Haveli and Daman and Diu,94676,7850,70,78893,15783,47034,31856,3,0,94676,,85,12259,47323,19301,78893
30-04-2021,Dadra and Nagar Haveli and Daman and Diu,94676,7850,70,78893,15783,47034,31856,3,0,94676,,85,12259,47323,19301,78893
01-05-2021,Dadra and Nagar Haveli and Daman and Diu,96320,8600,70,79753,16567,47553,32197,3,0,96320,,85,12550,47784,19407,79753
02-05-2021,Dadra and Nagar Haveli and Daman and Diu,96619,6350,57,79890,16729,47622,32265,3,0,96619,,85,12508,47941,19433,79890
03-05-2021,Dadra and Nagar Haveli and Daman and Diu,97465,7600,67,80227,17238,47842,32382,3,0,97465,,85,12629,48117,19473,80227
04-05-2021,Dadra and Nagar Haveli and Daman and Diu,98306,7000,67,80554,17752,48056,32495,3,0,98306,,85,12770,48258,19518,80554
05-05-2021,Dadra and Nagar Haveli and Daman and Diu,99304,7350,69,80984,18320,48338,32643,3,0,99304,,85,12925,48465,19586,80984
06-05-2021,Dadra and Nagar Haveli and Daman and Diu,100560,6800,63,81425,19135,48626,32795,4,0,100560,,85,13100,48670,19646,81425
07-05-2021,Dadra and Nagar Haveli and Daman and Diu,102229,6900,69,82133,20096,49025,33104,4,0,102229,,85,13361,49017,19746,82133
08-05-2021,Dadra and Nagar Haveli and Daman and Diu,103338,7100,70,82566,20772,49274,33288,4,0,103338,,85,13503,49236,19818,82566
09-05-2021,Dadra and Nagar Haveli and Daman and Diu,103786,7150,71,82726,21060,49357,33365,4,0,103786,,85,13546,49323,19847,82726
10-05-2021,Dadra and Nagar Haveli and Daman and Diu,104954,6700,66,83125,21829,49588,33533,4,0,104954,,85,13671,49527,19916,83125
11-05-2021,Dadra and Nagar Haveli and Daman and Diu,105912,6400,63,83422,22490,49769,33649,4,0,105912,,85,13771,49680,19959,83422
12-05-2021,Dadra and Nagar Haveli and Daman and Diu,106625,6900,69,83791,22834,49997,33790,4,0,106625,,85,13878,49878,20023,83791
13-05-2021,Dadra and Nagar Haveli and Daman and Diu,109633,8700,83,85968,23665,51468,34496,4,0,109633,,85,15740,50138,20077,85968
14-05-2021,Dadra and Nagar Haveli and Daman and Diu,113326,9950,94,88556,24770,53215,35336,5,0,113326,,85,18047,50359,20136,88556
15-05-2021,Dadra and Nagar Haveli and Daman and Diu,117518,9650,91,91647,25871,55230,36412,5,0,117518,,85,20819,50633,20180,91647
16-05-2021,Dadra and Nagar Haveli and Daman and Diu,120646,5576,46,94759,25887,57113,37641,5,0,120646,,85,23749,50786,20209,94759
17-05-2021,Dadra and Nagar Haveli and Daman and Diu,123420,6595,47,97527,25893,58815,38705,7,0,123420,,85,26348,50932,20229,97527
18-05-2021,Dadra and Nagar Haveli and Daman and Diu,123865,6000,43,97967,25898,59110,38850,7,0,123865,,85,26772,50945,20232,97967
19-05-2021,Dadra and Nagar Haveli and Daman and Diu,126803,6600,39,100902,25901,61010,39884,8,0,126803,,85,,,,100902
20-05-2021,Dadra and Nagar Haveli and Daman and Diu,133618,10451,46,107711,25907,65253,42447,11,0,133618,,85,36282,51132,20266,107711
21-05-2021,Dadra and Nagar Haveli and Daman and Diu,140028,11650,48,114121,25907,69428,44681,12,0,140028,,85,,,,114121
22-05-2021,Dadra and Nagar Haveli and Daman and Diu,146279,12515,50,120370,25909,73425,46932,13,0,146279,0,85,48581,51435,20312,120370
23-05-2021,Dadra and Nagar Haveli and Daman and Diu,150932,11026,55,125022,25910,76439,48569,14,0,150932,0,85,53111,51548,20321,125022
24-05-2021,Dadra and Nagar Haveli and Daman and Diu,156860,10115,38,130945,25915,80435,50496,14,0,156860,0,85,58787,51755,20356,130945
25-05-2021,Dadra and Nagar Haveli and Daman and Diu,162836,11346,46,136916,25920,84502,52396,18,0,162836,0,85,64541,51947,20380,136916
26-05-2021,Dadra and Nagar Haveli and Daman and Diu,168731,12140,49,142805,25926,88489,54297,19,0,168731,0,85,70187,52154,20410,142805
27-05-2021,Dadra and Nagar Haveli and Daman and Diu,174518,12550,54,148574,25944,92570,55984,20,0,174518,0,86,75619,52453,20446,148574
28-05-2021,Dadra and Nagar Haveli and Daman and Diu,180694,12695,53,154743,25951,97003,57718,22,0,180694,0,86,81367,52832,20483,154743
29-05-2021,Dadra and Nagar Haveli and Daman and Diu,186645,14931,70,160687,25958,101326,59336,25,0,186645,0,86,86902,53188,20532,160687
30-05-2021,Dadra and Nagar Haveli and Daman and Diu,189815,10895,63,163856,25959,103366,60464,26,0,189815,0,86,89891,53349,20549,163856
31-05-2021,Dadra and Nagar Haveli and Daman and Diu,196079,15320,66,170105,25974,107652,62425,28,0,196079,0,87,95810,53646,20580,170105
01-06-2021,Dadra and Nagar Haveli and Daman and Diu,202000,15070,67,176010,25990,111720,64260,30,0,202000,0,87,101347,53971,20617,176010
02-06-2021,Dadra and Nagar Haveli and Daman and Diu,207670,14695,64,181665,26005,115547,66086,32,0,207670,0,87,106625,54296,20660,181665
03-06-2021,Dadra and Nagar Haveli and Daman and Diu,211798,11380,64,185784,26014,118375,67377,32,0,211798,0,87,110451,54548,20697,185784
04-06-2021,Dadra and Nagar Haveli and Daman and Diu,215802,10712,64,189765,26037,121264,68467,34,0,215802,0,87,114126,54808,20742,189765
05-06-2021,Dadra and Nagar Haveli and Daman and Diu,223040,13592,64,196978,26062,126248,70695,35,0,223040,0,87,120965,55118,20796,196978
06-06-2021,Dadra and Nagar Haveli and Daman and Diu,223524,4090,35,197457,26067,126481,70941,35,0,223524,0,87,121339,55214,20804,197457
07-06-2021,Dadra and Nagar Haveli and Daman and Diu,229256,14890,72,203171,26085,130290,72845,36,0,229256,0,87,126645,55570,20851,203171
08-06-2021,Dadra and Nagar Haveli and Daman and Diu,235270,15700,68,209124,26146,134360,74726,38,0,235270,0,87,132081,56003,20930,209124
09-06-2021,Dadra and Nagar Haveli and Daman and Diu,240179,14190,61,214014,26165,137845,76129,40,0,240179,0,87,136562,56365,20968,214014
10-06-2021,Dadra and Nagar Haveli and Daman and Diu,245100,17855,74,218904,26196,141277,77585,42,0,245100,0,87,141038,56715,21024,218904
11-06-2021,Dadra and Nagar Haveli and Daman and Diu,254764,23350,81,228473,26291,148138,80292,43,0,254764,0,87,150008,57213,21113,228473
12-06-2021,Dadra and Nagar Haveli and Daman and Diu,266651,23335,85,240306,26345,156408,83855,43,0,266651,0,87,161023,57903,21225,240306
13-06-2021,Dadra and Nagar Haveli and Daman and Diu,266969,2001,9,240620,26349,156567,84010,43,0,266969,0,87,161234,57987,21244,240620
14-06-2021,Dadra and Nagar Haveli and Daman and Diu,272199,14508,62,245784,26415,160003,85737,44,0,272199,0,87,165785,58516,21326,245784
15-06-2021,Dadra and Nagar Haveli and Daman and Diu,278954,16822,64,252456,26498,164670,87740,46,0,278954,0,87,171868,59007,21418,252456
16-06-2021,Dadra and Nagar Haveli and Daman and Diu,284862,16630,64,258254,26608,168510,89695,49,0,284862,0,87,177030,59548,21510,258254
17-06-2021,Dadra and Nagar Haveli and Daman and Diu,290875,19560,63,264197,26678,172681,91465,51,0,290875,0,87,182479,59980,21569,264197
18-06-2021,Dadra and Nagar Haveli and Daman and Diu,297644,21890,67,270889,26755,176901,93932,56,12,297632,0,87,188575,60512,21624,270889
19-06-2021,Dadra and Nagar Haveli and Daman and Diu,308375,25304,70,281451,26924,184489,96905,57,12,308363,0,87,198255,61295,21703,281451
20-06-2021,Dadra and Nagar Haveli and Daman and Diu,0,,,,,,,,,,,,,,,
21-06-2021,Dadra and Nagar Haveli and Daman and Diu,317267,23225,70,290224,27043,190780,99388,56,12,317255,0,87,206126,62108,21789,290224
22-06-2021,Dadra and Nagar Haveli and Daman and Diu,325006,23175,70,297701,27305,196202,101441,58,12,324994,0,87,212772,62822,21896,297701
23-06-2021,Dadra and Nagar Haveli and Daman and Diu,332131,23897,72,304552,27579,201037,103454,61,12,332119,0,87,218778,63494,22058,304552
24-06-2021,Dadra and Nagar Haveli and Daman and Diu,341048,24072,71,312751,28297,207083,105607,61,12,341036,0,88,225927,64359,22237,312751
25-06-2021,Dadra and Nagar Haveli and Daman and Diu,358072,36957,78,328407,29665,234322,123685,65,12,358060,0,89,247689,77714,32669,328407
26-06-2021,Dadra and Nagar Haveli and Daman and Diu,373369,37487,74,341459,31910,244985,128310,74,12,373357,0,89,259413,80739,33217,341459
27-06-2021,Dadra and Nagar Haveli and Daman and Diu,379687,36136,65,346721,32966,248944,130667,76,12,379675,0,89,264143,82077,33467,346721
28-06-2021,Dadra and Nagar Haveli and Daman and Diu,395486,40800,78,359960,35526,259477,135924,85,12,395474,0,97,275642,85639,34205,359960
29-06-2021,Dadra and Nagar Haveli and Daman and Diu,410791,42898,76,372906,37885,270270,140429,92,12,410779,0,97,287201,88760,34830,372906
30-06-2021,Dadra and Nagar Haveli and Daman and Diu,427328,47482,72,387093,40235,281770,145461,97,12,427316,0,98,299875,92101,35352,387093
01-07-2021,Dadra and Nagar Haveli and Daman and Diu,440380,57072,69,397956,42424,291173,149108,99,12,440368,0,99,309548,95012,35820,397956
02-07-2021,Dadra and Nagar Haveli and Daman and Diu,452556,48502,67,407860,44696,299862,152594,100,12,452544,0,106,318307,97928,36321,407860
03-07-2021,Dadra and Nagar Haveli and Daman and Diu,466349,52897,68,418716,47633,309600,156646,103,12,466337,0,106,328062,101390,36897,418716
04-07-2021,Dadra and Nagar Haveli and Daman and Diu,470444,42737,59,422031,48413,312401,157939,104,12,470432,0,106,330921,102415,37108,422031
05-07-2021,Dadra and Nagar Haveli and Daman and Diu,480984,47156,68,430117,50867,319716,161162,106,12,480972,0,106,338177,105079,37728,430117
06-07-2021,Dadra and Nagar Haveli and Daman and Diu,490259,45470,64,437350,52909,326107,164043,109,12,490247,0,114,344570,107455,38234,437350
