Updated On,State,TotalDosesAdministered,TotalSessionsConducted,TotalSites ,FirstDoseAdministered,SecondDoseAdministered,Male,Female,Transgender,Covaxin,CoviShield,SputnikV,AEFI,18_45_years,45_60_years,60_+_years,Total_Individuals_Vaccinated
16-03-2021,Haryana,678896,149920,973,561120,117776,315003,246080,37,140404,538492,,694,159476,145562,254685,561120
17-03-2021,Haryana,748352,62490,393,627943,120409,350493,277402,48,151043,597309,,702,161565,156005,308907,627943
18-03-2021,Haryana,818792,157999,1063,694688,124104,383709,310919,60,163990,654802,,703,163885,167755,361577,694688
19-03-2021,Haryana,883097,139207,912,755578,127519,414270,341242,66,173487,709610,,709,166684,180019,407389,755578
20-03-2021,Haryana,908710,82094,552,779704,129006,426249,353388,67,176459,732251,,711,168081,186406,423728,779704
21-03-2021,Haryana,915108,25700,157,785932,129176,429425,356440,67,177459,737649,,713,168385,188953,427103,785932
22-03-2021,Haryana,1064213,284650,1777,930026,134187,498739,431210,77,191794,872419,,715,173273,218708,536548,930026
23-03-2021,Haryana,1152753,126200,796,1016305,136448,540039,476179,87,200452,952301,,723,176966,241978,595862,1016305
24-03-2021,Haryana,1172883,104550,536,1035137,137746,549677,485372,88,203252,969631,,734,178312,247592,607733,1035137
25-03-2021,Haryana,1227860,163274,1005,1087408,140452,575736,511578,94,209216,1018644,,742,181149,260013,644741,1087408
26-03-2021,Haryana,1279258,165020,1023,1136611,142647,599792,536720,99,214663,1064595,,750,183576,272402,679126,1136611
27-03-2021,Haryana,1302499,98400,570,1158970,143529,610768,548102,100,216683,1085816,,751,185032,279683,692748,1158970
28-03-2021,Haryana,1305966,27950,206,1162379,143587,612439,549840,100,217423,1088543,,751,185349,281128,694393,1162379
29-03-2021,Haryana,1306530,33270,238,1162932,143598,612702,550130,100,217795,1088735,,751,185388,281319,694716,1162932
30-03-2021,Haryana,1425730,213650,1534,1278501,147229,666279,612102,120,220955,1204775,,755,190530,316015,770434,1278501
31-03-2021,Haryana,1516855,176330,1218,1366981,149874,707269,659578,134,224287,1292568,,757,193960,347985,823511,1366981
01-04-2021,Haryana,1594582,199820,1451,1441284,153298,743873,697271,140,227583,1366999,,757,197331,387944,854478,1441284
02-04-2021,Haryana,1702590,149670,1148,1545216,157374,795798,749268,150,232473,1470117,,767,202522,446826,894333,1545216
03-04-2021,Haryana,1753953,113900,853,1594393,159560,821004,773229,160,234301,1519652,,770,205048,475857,911952,1594393
04-04-2021,Haryana,1800611,116450,899,1639535,161076,844132,795225,178,236106,1564505,,773,206653,503019,928327,1639535
05-04-2021,Haryana,1882164,213401,1594,1717234,164930,882871,834174,189,238299,1643865,,773,206883,548748,960066,1717234
06-04-2021,Haryana,1942196,163560,1228,1774869,167327,911424,863248,197,239555,1702641,,774,206963,583068,983301,1774869
07-04-2021,Haryana,2028171,136961,955,1855846,172325,952775,902869,202,241762,1786409,,778,207070,631376,1015859,1855846
08-04-2021,Haryana,2118410,189132,1381,1939723,178687,995409,944092,222,243696,1874714,,784,207191,682983,1048003,1939723
09-04-2021,Haryana,2212252,207931,1529,2024825,187427,1039028,985564,233,248469,1963783,,789,207880,735473,1079924,2024825
10-04-2021,Haryana,2283262,173950,1254,2088650,194612,1071694,1016710,246,253295,2029967,,789,208517,775338,1103243,2088650
11-04-2021,Haryana,2382114,319191,2183,2181488,200626,1117273,1063953,262,258387,2123727,,797,208792,832142,1139002,2181488
12-04-2021,Haryana,2525834,295422,2187,2307539,218295,1179606,1127642,291,270088,2255746,,800,210855,906639,1188491,2307539
13-04-2021,Haryana,2657270,261440,2041,2421185,236085,1237344,1183535,306,284223,2373047,,802,213098,973406,1233127,2421185
14-04-2021,Haryana,2804984,307328,2345,2544240,260744,1300023,1243893,324,305886,2499098,,805,215597,1046117,1280969,2544240
15-04-2021,Haryana,2873554,217708,1550,2596134,277420,1327245,1268557,332,315598,2557956,,806,217047,1075798,1301730,2596134
16-04-2021,Haryana,2957111,235504,1752,2657655,299456,1359818,1297497,340,326233,2630878,,808,218846,1111302,1325947,2657655
17-04-2021,Haryana,3022626,172100,1307,2706244,316382,1386238,1319663,343,333602,2689024,,808,220299,1139856,1344527,2706244
18-04-2021,Haryana,3065865,268400,1865,2740333,325532,1404779,1335205,349,339345,2726520,,809,220934,1160837,1357000,2740333
19-04-2021,Haryana,3162209,250560,1842,2804924,357285,1440213,1364349,362,354736,2807473,,810,223481,1197070,1382809,2804924
20-04-2021,Haryana,3241332,228150,1687,2858633,382699,1468968,1389297,368,370276,2871056,,812,225590,1227400,1404080,2858633
21-04-2021,Haryana,3287414,214974,1495,2890194,397220,1485750,1404071,373,380372,2907042,,812,226602,1245724,1416304,2890194
22-04-2021,Haryana,3344006,217940,1570,2928139,415867,1505643,1422112,384,393076,2950930,,812,228061,1267696,1430815,2928139
23-04-2021,Haryana,3429738,208280,1538,2983811,445927,1535024,1448398,389,406664,3023074,,816,230569,1300058,1451612,2983811
24-04-2021,Haryana,3502761,163528,1346,3032220,470541,1560587,1471238,395,416043,3086718,,820,232514,1329514,1468615,3032220
25-04-2021,Haryana,3539875,108570,958,3059704,480171,1574902,1484399,403,421983,3117892,,821,233325,1346507,1478295,3059704
26-04-2021,Haryana,3595069,258089,1968,3096107,498962,1594014,1501681,412,432816,3162253,,823,234658,1367670,1492202,3096107
27-04-2021,Haryana,3634905,202500,1575,3122680,512225,1608384,1513879,417,442538,3192367,,824,294732,1324686,1501682,3122680
28-04-2021,Haryana,3675837,137450,1172,3147907,527930,1621945,1525542,420,450010,3225827,,824,296731,1339894,1509703,3147907
29-04-2021,Haryana,3723444,177400,1336,3177552,545892,1637925,1539202,425,457255,3266189,,825,298462,1357485,1520092,3177552
30-04-2021,Haryana,3758377,173700,1371,3199035,559342,1649527,1549077,431,464918,3293459,,825,300154,1370412,1526951,3199035
01-05-2021,Haryana,3776747,125300,975,3211614,565133,1656445,1554738,431,469669,3307078,,825,301726,1377777,1530593,3211614
02-05-2021,Haryana,3796956,81250,585,3230331,566625,1667947,1561950,434,471634,3325322,,825,315465,1381663,1531711,3230331
03-05-2021,Haryana,3855063,172602,1263,3279593,575470,1699019,1580136,438,475976,3379087,,825,356869,1387041,1534194,3279593
04-05-2021,Haryana,3926299,152538,1085,3335067,591232,1733506,1601110,451,479717,3446582,,826,402220,1393814,1537539,3335067
05-05-2021,Haryana,3987098,109273,768,3374963,612135,1757310,1617197,456,483343,3503755,,828,427596,1403485,1542392,3374963
06-05-2021,Haryana,4094206,173759,1194,3447474,646732,1800382,1646623,469,486720,3607486,,828,475136,1420242,1550607,3447474
07-05-2021,Haryana,4204923,161601,1099,3518724,686199,1841638,1676608,478,491438,3713485,,829,513672,1441547,1562015,3518724
08-05-2021,Haryana,4288127,135577,990,3573590,714537,1873745,1699359,486,497059,3791068,,829,544456,1457507,1570136,3573590
09-05-2021,Haryana,4344758,105165,759,3612642,732116,1896228,1715919,495,499858,3844900,,829,570065,1466366,1574718,3612642
10-05-2021,Haryana,4475905,197469,1508,3692472,783433,1941942,1750014,516,505235,3970670,,829,613033,1489867,1587983,3692472
11-05-2021,Haryana,4590300,190735,1526,3764214,826086,1983350,1780340,524,510021,4080279,,829,652452,1511056,1599038,3764214
12-05-2021,Haryana,4663197,161028,1310,3817367,845830,2014064,1802761,542,523990,4139207,,831,681627,1526914,1607094,3817367
13-05-2021,Haryana,4765647,147472,1125,3886385,879262,2053252,1832572,561,537351,4228296,,831,712782,1551414,1620373,3886385
14-05-2021,Haryana,4833697,127820,1023,3931468,902229,2078500,1852396,572,546074,4287623,,831,730885,1568704,1630010,3931468
15-05-2021,Haryana,4893748,125280,1049,3977395,916353,2104603,1872209,583,559732,4334016,,832,754187,1584017,1637270,3977395
16-05-2021,Haryana,4937347,95292,561,4019157,918190,2128935,1889625,597,564370,4372977,,833,789267,1588659,1639277,4019157
17-05-2021,Haryana,5000446,182516,1099,4079084,921362,2164626,1913844,614,573194,4427252,,833,836190,1597834,1643015,4079084
18-05-2021,Haryana,5065275,342645,1106,4140970,924305,2201727,1938607,636,592330,4472945,,839,885335,1606591,1646922,4140970
19-05-2021,Haryana,5118705,180749,801,4191994,926711,2232459,1958885,650,609897,4508808,,843,924001,1614707,1651079,4191994
20-05-2021,Haryana,5198818,291504,1060,4267171,931647,2276627,1989862,682,632013,4566805,,844,969304,1633993,1661561,4267171
21-05-2021,Haryana,5285927,332714,1135,4347426,938501,2323462,2023264,700,654507,4631420,0,846,1015906,1655833,1673236,4347426
22-05-2021,Haryana,5357671,332881,1145,4411857,945814,2360282,2050857,718,673878,4683793,0,851,1048454,1676993,1683841,4411857
23-05-2021,Haryana,5391895,175988,683,4440936,950959,2376618,2063594,724,682901,4708994,0,853,1063635,1685279,1689407,4440936
24-05-2021,Haryana,5488324,235771,1125,4532709,955615,2430940,2101014,755,695580,4792744,0,855,1138698,1696664,1694589,4532709
25-05-2021,Haryana,5559015,226511,1115,4597932,961083,2469211,2127954,767,711889,4847126,0,856,1182985,1711353,1700710,4597932
26-05-2021,Haryana,5611913,217452,985,4646721,965192,2498165,2147780,776,720710,4891203,0,856,1213478,1724339,1705859,4646721
27-05-2021,Haryana,5687063,232600,917,4713609,973454,2537827,2174993,789,742821,4944242,0,858,1251940,1744342,1714127,4713609
28-05-2021,Haryana,5750543,227099,889,4770088,980455,2571930,2197344,814,762775,4987768,0,858,1286494,1759736,1720474,4770088
29-05-2021,Haryana,5804788,196843,789,4816451,988337,2599743,2215886,822,785365,5019423,0,858,1314812,1772204,1725874,4816451
30-05-2021,Haryana,5832328,118901,458,4841864,990464,2614188,2226850,826,793947,5038381,0,860,1333074,1777060,1728073,4841864
31-05-2021,Haryana,5889201,217971,860,4893257,995944,2644942,2247475,840,819176,5070025,0,860,1369035,1788023,1732390,4893257
01-06-2021,Haryana,5956635,223661,864,4955133,1001502,2682420,2271857,856,842600,5114035,0,862,1412948,1800789,1737413,4955133
02-06-2021,Haryana,6029937,205756,808,5025000,1004937,2724935,2299182,883,859974,5169963,0,864,1473053,1807781,1739979,5025000
03-06-2021,Haryana,6104370,231388,948,5094715,1009655,2768374,2325443,898,881211,5223159,0,864,1528304,1818058,1743992,5094715
04-06-2021,Haryana,6166025,237081,911,5151851,1014174,2803632,2347301,918,894223,5271802,0,866,1568379,1830032,1748859,5151851
05-06-2021,Haryana,6224238,218140,830,5205904,1018334,2836930,2368038,936,904476,5319762,0,866,1606969,1841044,1753078,5205904
06-06-2021,Haryana,6246721,109656,430,5226504,1020217,2848479,2377082,943,908760,5337961,0,866,1622216,1844792,1754614,5226504
07-06-2021,Haryana,6302108,248291,909,5276368,1025740,2880382,2395017,969,917636,5384472,0,866,1657028,1855337,1758929,5276368
08-06-2021,Haryana,6350659,240265,963,5319508,1031151,2907378,2411156,974,924399,5426260,0,866,1684012,1866495,1763786,5319508
09-06-2021,Haryana,6433899,256690,858,5398348,1035551,2955709,2441646,993,936931,5496968,0,866,1753734,1872862,1766270,5398348
10-06-2021,Haryana,6559087,349342,1156,5514458,1044629,3026021,2487410,1027,954764,5604323,0,867,1856596,1881763,1770212,5514458
11-06-2021,Haryana,6664080,329055,1127,5608575,1055505,3083247,2524284,1044,970360,5693720,0,868,1937068,1891069,1774302,5608575
12-06-2021,Haryana,6749944,277813,960,5686944,1063000,3132134,2553745,1065,983447,5766497,0,869,2005045,1898235,1777227,5686944
13-06-2021,Haryana,6784770,157539,318,5718756,1066014,3150237,2567447,1072,992104,5792666,0,869,2032433,1901222,1778573,5718756
14-06-2021,Haryana,6875456,288347,1091,5797875,1077581,3196820,2599962,1093,1012825,5862631,0,869,2099444,1909188,1782570,5797875
15-06-2021,Haryana,6952038,269262,925,5862113,1089925,3234401,2626603,1109,1027178,5924860,0,869,2151049,1917506,1786733,5862113
16-06-2021,Haryana,7020156,251686,757,5919214,1100942,3268657,2649437,1120,1042161,5977995,0,869,2198662,1923935,1789643,5919214
17-06-2021,Haryana,7150855,379193,1211,6031899,1118956,3333024,2697728,1147,1074032,6076823,0,869,2296232,1933685,1794799,6031899
18-06-2021,Haryana,7247474,379496,1132,6113489,1133985,3380573,2731749,1167,1091817,6155657,0,870,2363515,1943169,1799451,6113489
19-06-2021,Haryana,7327041,318661,857,6180911,1146130,3421335,2758388,1188,1109184,6217856,1,872,2419917,1950897,1802552,6180911
20-06-2021,Haryana,7367943,275173,309,6216032,1151911,3440927,2773910,1195,1119998,6247944,1,872,2448506,1955358,1804548,6216032
21-06-2021,Haryana,7879825,1837372,2056,6690650,1189175,3703969,2985355,1326,1166483,6713327,15,872,2849817,2005635,1826874,6690650
22-06-2021,Haryana,8011052,473900,879,6800712,1210340,3767071,3032279,1362,1186758,6824255,39,874,2938883,2019784,1833517,6800712
23-06-2021,Haryana,8088643,339896,622,6863194,1225449,3803806,3058000,1388,1199515,6889067,61,874,2989076,2028089,1837414,6863194
24-06-2021,Haryana,8168749,371490,713,6928225,1240524,3839775,3087055,1395,1206928,6961505,316,874,3041414,2036560,1841561,6928225
25-06-2021,Haryana,8314915,670699,1215,7043353,1271562,4601383,3712049,1483,1227147,7086684,1084,878,3402673,2445035,2467207,7043353
26-06-2021,Haryana,8430740,504986,840,7132701,1298039,4666904,3762328,1508,1246042,7183129,1569,878,3485842,2465774,2479124,7132701
27-06-2021,Haryana,8473361,213184,323,7166083,1307278,4689758,3782084,1519,1253485,7218012,1864,879,3515640,2474233,2483488,7166083
28-06-2021,Haryana,8616321,689639,1203,7268600,1347721,4766177,3848599,1545,1278134,7335892,2295,880,3606712,2506852,2502757,7268600
29-06-2021,Haryana,8754231,686285,1043,7365625,1388606,4841457,3911207,1567,1301464,7449981,2786,880,3694103,2539341,2520787,7365625
30-06-2021,Haryana,8856678,400671,781,7433613,1423065,4898090,3957006,1582,1326512,7526893,3273,883,3759635,2563372,2533671,7433613
01-07-2021,Haryana,9052429,819850,1255,7584644,1467785,5003880,4046923,1626,1348265,7699816,4348,884,3892413,2605122,2554894,7584644
02-07-2021,Haryana,9220204,720629,1205,7705597,1514607,5094336,4124207,1661,1363442,7851268,5494,884,3996418,2645745,2578041,7705597
03-07-2021,Haryana,9360295,478203,941,7805669,1554626,5171683,4186931,1681,1377998,7975900,6397,888,4084936,2679517,2595842,7805669
04-07-2021,Haryana,9409759,179246,299,7840063,1569696,5197675,4210389,1695,1386484,8016527,6748,889,4115642,2692215,2601902,7840063
05-07-2021,Haryana,9515937,541353,1057,7907719,1608218,5255274,4258942,1721,1403246,8105331,7360,888,4176617,2721102,2618218,7907719
06-07-2021,Haryana,9581886,382971,771,7948436,1633450,5291607,4288547,1732,1421315,8152517,8054,889,4215276,2738733,2627877,7948436
