Updated On,State,TotalDosesAdministered,TotalSessionsConducted,TotalSites ,FirstDoseAdministered,SecondDoseAdministered,Male,Female,Transgender,Covaxin,CoviShield,SputnikV,AEFI,18_45_years,45_60_years,60_+_years,Total_Individuals_Vaccinated
16-03-2021,Ladakh,38926,3700,27,35573,3353,20363,15207,3,0,38926,,0,8051,7966,19534,35573
17-03-2021,Ladakh,40726,2900,22,37044,3682,21178,15863,3,0,40726,,0,8180,8326,20516,37044
18-03-2021,Ladakh,42033,2100,15,37810,4223,21589,16218,3,0,42033,,0,8292,8512,20983,37810
19-03-2021,Ladakh,43189,3600,22,38440,4749,21883,16554,3,0,43189,,0,8348,8797,21272,38440
20-03-2021,Ladakh,44169,2300,15,38954,5215,22160,16791,3,0,44169,,1,8433,8937,21561,38954
21-03-2021,Ladakh,44234,600,3,39005,5229,22186,16816,3,0,44234,,1,8440,8949,21593,39005
22-03-2021,Ladakh,45135,3100,20,39419,5716,22395,17021,3,0,45135,,1,8514,9091,21791,39419
23-03-2021,Ladakh,45814,1000,7,39767,6047,22558,17206,3,0,45814,,1,8557,9189,21997,39767
24-03-2021,Ladakh,46093,900,6,39950,6143,22677,17270,3,0,46093,,1,8614,9250,22062,39950
25-03-2021,Ladakh,46261,800,5,40010,6251,22702,17305,3,0,46261,,1,8607,9271,22108,40010
26-03-2021,Ladakh,46461,700,4,40083,6378,22733,17347,3,0,46461,,1,8602,9300,22157,40083
27-03-2021,Ladakh,46590,700,4,40195,6395,22813,17379,3,0,46590,,1,8651,9326,22194,40195
28-03-2021,Ladakh,46589,700,5,40194,6395,22812,17379,3,0,46589,,1,8650,9326,22194,40194
29-03-2021,Ladakh,46588,1100,5,40193,6395,22811,17379,3,0,46588,,1,8649,9326,22194,40193
30-03-2021,Ladakh,46645,2220,11,40215,6430,22811,17401,3,0,46645,,1,8633,9331,22227,40215
31-03-2021,Ladakh,46872,1900,11,40372,6500,22926,17443,3,0,46872,,1,8702,9372,22273,40372
01-04-2021,Ladakh,50362,6500,38,43815,6547,24557,19255,3,0,50362,,1,8710,12630,22449,43815
02-04-2021,Ladakh,55631,6900,44,49045,6586,27091,21951,3,0,55631,,1,8716,17617,22686,49045
03-04-2021,Ladakh,59338,5100,32,52707,6631,28893,23811,3,0,59338,,1,8720,21042,22919,52707
04-04-2021,Ladakh,62214,5600,39,55578,6636,30350,25225,3,0,62214,,2,8723,23737,23092,55578
05-04-2021,Ladakh,65089,6600,45,58417,6672,31792,26622,3,0,65089,,2,8717,26406,23268,58417
06-04-2021,Ladakh,66613,6400,44,59863,6750,32542,27318,3,0,66613,,2,8713,27767,23357,59863
07-04-2021,Ladakh,69391,6000,41,62372,7019,33902,28466,4,0,69391,,2,8700,30118,23528,62372
08-04-2021,Ladakh,71259,3400,24,63903,7356,34662,29237,4,0,71259,,2,8674,31577,23627,63903
09-04-2021,Ladakh,71960,6200,44,64284,7676,34882,29398,4,0,71960,,2,8688,31903,23668,64284
10-04-2021,Ladakh,72431,2400,18,64518,7913,35014,29500,4,0,72431,,2,8679,32116,23699,64518
11-04-2021,Ladakh,73397,7800,55,65236,8161,35434,29798,4,0,73397,,2,8755,32642,23815,65236
12-04-2021,Ladakh,74608,7300,49,66115,8493,35907,30204,4,0,74608,,2,8803,33358,23930,66115
13-04-2021,Ladakh,75319,5900,39,66540,8779,36134,30402,4,0,75319,,2,8827,33693,23996,66540
14-04-2021,Ladakh,75905,3400,23,66813,9092,36280,30529,4,0,75905,,2,8816,33899,24074,66813
15-04-2021,Ladakh,76470,3800,24,66918,9552,36347,30566,5,0,76470,,2,8832,33972,24090,66918
16-04-2021,Ladakh,76968,3000,21,67005,9963,36405,30595,5,0,76968,,2,8834,34010,24137,67005
17-04-2021,Ladakh,77819,2000,13,67157,10662,36491,30661,5,0,77819,,2,8833,34095,24205,67157
18-04-2021,Ladakh,77857,3300,22,67185,10672,36501,30679,5,0,77857,,2,8831,34120,24210,67185
19-04-2021,Ladakh,80595,3100,21,67732,12863,36766,30961,5,0,80595,,2,8843,34247,24618,67732
20-04-2021,Ladakh,84637,3400,22,68954,15683,37358,31591,5,0,84637,,2,8886,34383,25662,68954
21-04-2021,Ladakh,88412,3400,20,69995,18417,37838,32152,5,0,88412,,2,8905,34539,26530,69995
22-04-2021,Ladakh,91310,3600,22,70599,20711,38150,32444,5,0,91310,,2,8932,34689,26958,70599
23-04-2021,Ladakh,94316,3800,26,71353,22963,38528,32820,5,0,94316,,2,8954,34836,27542,71353
24-04-2021,Ladakh,96539,3000,21,71714,24825,38705,33004,5,0,96539,,2,8947,34974,27773,71714
25-04-2021,Ladakh,96956,600,6,71734,25222,38715,33014,5,0,96956,,2,8946,34980,27788,71734
26-04-2021,Ladakh,100903,4500,34,72754,28149,39224,33525,5,0,100903,,2,8950,35333,28453,72754
27-04-2021,Ladakh,103717,3900,28,73508,30209,39564,33938,6,0,103717,,2,11134,33430,28925,73508
28-04-2021,Ladakh,105808,6000,38,73967,31841,39827,34134,6,0,105808,,2,11256,33567,29126,73967
29-04-2021,Ladakh,107405,3300,25,74391,33014,40087,34298,6,0,107405,,2,11428,33689,29272,74391
30-04-2021,Ladakh,108166,5900,46,74571,33595,40189,34376,6,0,108166,,2,11474,33763,29332,74571
01-05-2021,Ladakh,109442,7600,52,74984,34458,40404,34574,6,0,109442,,2,11588,33864,29530,74984
02-05-2021,Ladakh,109696,2300,20,75065,34631,40445,34614,6,0,109696,,2,11573,33898,29593,75065
03-05-2021,Ladakh,111070,6000,41,75744,35326,40781,34956,7,0,111070,,2,12104,33989,29650,75744
04-05-2021,Ladakh,112903,6100,42,77322,35581,41814,35501,7,0,112903,,2,13530,34102,29689,77322
05-05-2021,Ladakh,115161,5900,41,79276,35885,43063,36206,7,0,115161,,2,15301,34254,29720,79276
06-05-2021,Ladakh,117233,6000,41,81061,36172,44276,36778,7,0,117233,,2,16876,34424,29760,81061
07-05-2021,Ladakh,118299,3600,21,81960,36339,44903,37050,7,0,118299,,2,17689,34487,29783,81960
08-05-2021,Ladakh,119520,4100,27,83032,36488,45643,37382,7,0,119520,,2,18634,34585,29812,83032
09-05-2021,Ladakh,119661,3800,25,83169,36492,45756,37406,7,0,119661,,2,18760,34594,29814,83169
10-05-2021,Ladakh,120835,5400,35,84093,36742,46268,37818,7,0,120835,,2,19460,34732,29900,84093
11-05-2021,Ladakh,121529,4800,30,84630,36899,46577,38045,8,0,121529,,2,19908,34805,29916,84630
12-05-2021,Ladakh,122218,2700,17,85240,36978,46928,38304,8,0,122218,,3,20457,34858,29924,85240
13-05-2021,Ladakh,122800,1200,8,85688,37112,47238,38442,8,0,122800,,3,20866,34889,29932,85688
14-05-2021,Ladakh,122800,700,6,85688,37112,47238,38442,8,0,122800,,3,20866,34889,29932,85688
15-05-2021,Ladakh,123897,2700,18,86645,37252,47718,38918,9,0,123897,,3,21761,34938,29945,86645
16-05-2021,Ladakh,123897,300,3,86645,37252,47718,38918,9,0,123897,,3,21761,34938,29945,86645
17-05-2021,Ladakh,124756,3474,24,87501,37255,48223,39269,9,0,124756,,3,22535,34991,29973,87501
18-05-2021,Ladakh,125747,3853,26,88488,37259,48761,39717,10,0,125747,,3,23423,35066,29997,88488
19-05-2021,Ladakh,126974,4441,27,89715,37259,49530,40175,10,0,126974,,4,24560,35129,30024,89715
20-05-2021,Ladakh,128323,4750,26,91064,37259,50429,40625,10,0,128323,,4,25810,35208,30044,91064
21-05-2021,Ladakh,130332,5542,33,93073,37259,51730,41332,11,0,130332,0,4,27746,35268,30057,93073
22-05-2021,Ladakh,132064,5220,31,94805,37259,53012,41782,11,0,132064,0,4,29383,35346,30073,94805
23-05-2021,Ladakh,132137,500,5,94878,37259,53083,41784,11,0,132137,0,4,29455,35347,30073,94878
24-05-2021,Ladakh,134067,7031,47,96802,37265,54081,42710,11,0,134067,0,4,31318,35392,30088,96802
25-05-2021,Ladakh,136294,5724,34,99028,37266,55178,43839,11,0,136294,0,4,33491,35434,30097,99028
26-05-2021,Ladakh,138454,5904,30,101188,37266,56125,45050,13,0,138454,0,4,35588,35479,30111,101188
27-05-2021,Ladakh,144321,8825,37,107044,37277,58782,48248,14,0,144321,0,4,41303,35594,30134,107044
28-05-2021,Ladakh,150092,8234,32,112814,37278,61291,51508,15,0,150092,0,4,47034,35622,30138,112814
29-05-2021,Ladakh,154115,4770,18,116836,37279,63254,53566,16,0,154115,0,4,51027,35647,30139,116836
30-05-2021,Ladakh,154135,221,2,116856,37279,63264,53576,16,0,154135,0,4,51047,35647,30139,116856
31-05-2021,Ladakh,159496,12800,38,122206,37290,65668,56522,16,0,159496,0,4,56330,35706,30145,122206
01-06-2021,Ladakh,164155,11285,36,126864,37291,67681,59167,16,0,164155,0,4,60939,35741,30150,126864
02-06-2021,Ladakh,167934,10800,36,130639,37295,69481,61142,16,0,167934,0,4,64500,35875,30230,130639
03-06-2021,Ladakh,171395,10493,38,134095,37300,70910,63168,17,0,171395,0,4,67862,35943,30254,134095
04-06-2021,Ladakh,174899,11000,37,137598,37301,72722,64859,17,0,174899,0,4,71303,35996,30262,137598
05-06-2021,Ladakh,177678,7600,28,140366,37312,74251,66098,17,0,177678,0,4,73994,36060,30275,140366
06-06-2021,Ladakh,177681,0,0,140369,37312,74251,66101,17,0,177681,0,4,73997,36060,30275,140369
07-06-2021,Ladakh,180269,7000,25,142943,37326,75399,67527,17,0,180269,0,4,76488,36125,30293,142943
08-06-2021,Ladakh,181714,5640,21,144376,37338,76132,68226,18,0,181714,0,4,77889,36150,30298,144376
09-06-2021,Ladakh,183376,5930,19,146030,37346,77141,68871,18,0,183376,0,4,79486,36200,30305,146030
10-06-2021,Ladakh,185674,5820,23,148313,37361,78523,69772,18,0,185674,0,4,81699,36259,30316,148313
11-06-2021,Ladakh,189143,6147,25,151780,37363,80732,71030,18,0,189143,0,4,85078,36335,30328,151780
12-06-2021,Ladakh,191063,5010,20,153682,37381,82013,71651,18,0,191063,0,4,86699,36588,30356,153682
13-06-2021,Ladakh,191066,0,0,153685,37381,82016,71651,18,0,191066,0,4,86702,36588,30356,153685
14-06-2021,Ladakh,192431,3296,15,155038,37393,82896,72124,18,0,192431,0,4,87896,36731,30372,155038
15-06-2021,Ladakh,193330,3600,20,155927,37403,83273,72636,18,0,193330,0,4,88773,36742,30373,155927
16-06-2021,Ladakh,194501,2630,20,157081,37420,83891,73171,19,0,194501,0,4,89862,36786,30394,157081
17-06-2021,Ladakh,196717,3860,22,159275,37442,85346,73910,19,0,196717,0,4,92015,36816,30404,159275
18-06-2021,Ladakh,198155,4450,16,160703,37452,86418,74266,19,0,198155,0,4,93375,36873,30415,160703
19-06-2021,Ladakh,199286,4710,17,161809,37477,87200,74590,19,0,199286,0,4,94435,36915,30419,161809
20-06-2021,Ladakh,199286,200,1,161809,37477,87200,74590,19,0,199286,0,4,94436,36914,30419,161809
21-06-2021,Ladakh,200706,5900,18,163217,37489,88293,74905,19,0,200706,0,4,95810,36941,30426,163217
22-06-2021,Ladakh,202329,6840,24,164799,37530,89587,75193,19,0,202329,0,4,97345,36973,30441,164799
23-06-2021,Ladakh,203725,6882,21,166167,37558,90720,75428,19,0,203725,0,4,98676,37006,30445,166167
24-06-2021,Ladakh,206992,10580,28,167571,39421,91836,75716,19,0,206992,0,4,99918,37145,30468,167571
25-06-2021,Ladakh,211520,14476,36,168168,43352,116121,95377,22,0,211520,0,4,109332,49885,52303,168168
26-06-2021,Ladakh,215964,17905,41,168671,47293,118255,97687,22,0,215964,0,4,109781,53605,52578,168671
27-06-2021,Ladakh,216616,1660,6,168691,47925,118546,98048,22,0,216616,0,4,109781,54206,52629,168691
28-06-2021,Ladakh,220989,23905,55,169421,51568,120869,100098,22,0,220989,0,4,110460,57603,52926,169421
29-06-2021,Ladakh,224630,15961,38,170297,54333,123022,101586,22,0,224630,0,4,111283,60225,53122,170297
30-06-2021,Ladakh,226801,13141,31,170900,55901,124277,102502,22,0,226801,0,4,111826,61720,53255,170900
01-07-2021,Ladakh,228809,8195,28,171439,57370,125487,103299,23,0,228809,0,4,112347,63110,53352,171439
02-07-2021,Ladakh,230087,7800,29,172099,57988,126357,103707,23,0,230087,0,4,112981,63674,53432,172099
03-07-2021,Ladakh,232133,8305,23,173803,58330,128052,104057,24,0,232133,0,4,114658,63999,53476,173803
04-07-2021,Ladakh,232795,1057,4,174447,58348,128701,104070,24,0,232795,0,4,115279,64030,53486,174447
05-07-2021,Ladakh,235427,9220,29,176300,59127,130756,104647,24,0,235427,0,4,117093,64696,53638,176300
06-07-2021,Ladakh,237455,6969,26,177760,59695,132199,105232,24,0,237455,0,5,118569,65154,53732,177760
