Updated On,State,TotalDosesAdministered,TotalSessionsConducted,TotalSites ,FirstDoseAdministered,SecondDoseAdministered,Male,Female,Transgender,Covaxin,CoviShield,SputnikV,AEFI,18_45_years,45_60_years,60_+_years,Total_Individuals_Vaccinated
16-03-2021,Madhya Pradesh,1582017,26800,78,1204532,377485,668813,535656,63,178772,1403245,,294,398331,373401,432056,1204532
17-03-2021,Madhya Pradesh,1894779,502900,1984,1483101,411678,820896,662088,117,194660,1700119,,297,407270,422774,652295,1483101
18-03-2021,Madhya Pradesh,2061982,566859,2636,1630087,431895,900109,729842,136,203540,1858442,,297,413540,447586,768191,1630087
19-03-2021,Madhya Pradesh,2082196,34270,136,1648828,433368,909911,738776,141,203833,1878363,,297,414458,451740,781852,1648828
20-03-2021,Madhya Pradesh,2392868,701036,4032,1936427,456441,1059583,876679,165,220006,2172862,,299,422989,494086,1018544,1936427
21-03-2021,Madhya Pradesh,2447794,1350,8,1988398,459396,1085844,902376,178,223081,2224713,,300,424215,502264,1061107,1988398
22-03-2021,Madhya Pradesh,2645609,530380,3228,2173688,471921,1181427,992049,212,238878,2406731,,302,429540,533437,1209891,2173688
23-03-2021,Madhya Pradesh,2709136,30980,133,2233935,475201,1212270,1021443,222,245080,2464056,,304,431551,545753,1255799,2233935
24-03-2021,Madhya Pradesh,2970294,513846,3273,2484618,485676,1340212,1144150,256,266221,2704073,,306,438226,589494,1456047,2484618
25-03-2021,Madhya Pradesh,3117583,409390,2479,2625418,492165,1412654,1212489,275,282339,2835244,,307,443006,622026,1559525,2625418
26-03-2021,Madhya Pradesh,3124997,31860,136,2632468,492529,1416399,1215790,279,283258,2841739,,307,443610,624379,1563617,2632468
27-03-2021,Madhya Pradesh,3235027,353447,2103,2737954,497073,1471968,1265689,297,297487,2937540,,312,448877,653105,1635099,2737954
28-03-2021,Madhya Pradesh,3238287,75914,354,2740984,497303,1473456,1267230,298,298095,2940192,,314,449160,654545,1636405,2740984
29-03-2021,Madhya Pradesh,3238300,6450,32,2740995,497305,1473461,1267236,298,298095,2940205,,316,449164,654547,1636410,2740995
30-03-2021,Madhya Pradesh,3241368,127203,467,2743883,497485,1474945,1268639,299,298175,2943193,,318,449565,655682,1637760,2743883
31-03-2021,Madhya Pradesh,3399721,553283,3307,2890848,508873,1551819,1338710,319,309233,3090488,,320,455540,693199,1741223,2890848
01-04-2021,Madhya Pradesh,3632471,582967,3857,3115146,517325,1672487,1442310,349,318623,3313848,,323,460399,845804,1808047,3115146
02-04-2021,Madhya Pradesh,3871927,268960,1350,3346831,525096,1798113,1548342,376,328095,3543832,,326,465988,1009384,1870554,3346831
03-04-2021,Madhya Pradesh,4043380,418415,2451,3510799,532581,1888110,1622294,395,346154,3697226,,328,470963,1123203,1915724,3510799
04-04-2021,Madhya Pradesh,4214544,190991,778,3675945,538599,1977803,1697721,421,373561,3840983,,331,476073,1239433,1959524,3675945
05-04-2021,Madhya Pradesh,4376033,416609,2360,3831368,544665,2061133,1769793,442,444884,3931149,,337,476197,1350040,2004216,3831368
06-04-2021,Madhya Pradesh,4528210,414416,1999,3977455,550755,2139507,1837489,459,508381,4019829,,338,476300,1455328,2044908,3977455
07-04-2021,Madhya Pradesh,4902462,590355,3590,4334898,567564,2329211,2005206,481,567777,4334685,,351,476486,1708971,2148521,4334898
08-04-2021,Madhya Pradesh,5233168,479140,2771,4649680,583488,2491279,2157893,508,607953,4625215,,364,476716,1927139,2244898,4649680
09-04-2021,Madhya Pradesh,5361979,423998,2072,4770269,591710,2553081,2216665,523,625339,4736640,,374,477375,2011710,2280256,4770269
10-04-2021,Madhya Pradesh,5464925,279011,1670,4866494,598431,2605546,2260414,534,639725,4825200,,376,477955,2082486,2305124,4866494
11-04-2021,Madhya Pradesh,5837149,725864,4548,5222120,615029,2792192,2429350,578,652277,5184872,,379,479095,2338481,2403607,5222120
12-04-2021,Madhya Pradesh,6244525,710930,4869,5603174,641351,2992300,2610251,623,658902,5585623,,388,482070,2600744,2519422,5603174
13-04-2021,Madhya Pradesh,6558169,813940,5055,5899933,658236,3150904,2748380,649,660324,5897845,,394,485449,2800466,2613078,5899933
14-04-2021,Madhya Pradesh,6886916,841205,5366,6202259,684657,3307757,2893799,703,661830,6225086,,400,487633,3004716,2708968,6202259
15-04-2021,Madhya Pradesh,7057160,476241,3266,6348519,708641,3386461,2961330,728,662727,6394433,,413,490688,3102203,2754687,6348519
16-04-2021,Madhya Pradesh,7115632,628587,3868,6392872,722760,3410549,2981593,730,663804,6451828,,417,493170,3130996,2767766,6392872
17-04-2021,Madhya Pradesh,7304172,584043,4150,6546917,757255,3493665,3052493,759,664846,6639326,,420,496740,3234248,2814989,6546917
18-04-2021,Madhya Pradesh,7329797,431730,2790,6566352,763445,3504133,3061458,761,665122,6664675,,421,497042,3247032,2821339,6566352
19-04-2021,Madhya Pradesh,7506383,639278,4578,6700964,805419,3577751,3122429,784,685389,6820994,,426,500896,3333898,2865226,6700964
20-04-2021,Madhya Pradesh,7542919,468862,3204,6725608,817311,3591813,3133011,784,692403,6850516,,427,502351,3349089,2873226,6725608
21-04-2021,Madhya Pradesh,7566279,350020,2337,6737838,828441,3598373,3138678,787,694256,6872023,,428,503041,3356730,2877127,6737838
22-04-2021,Madhya Pradesh,7736804,628720,4746,6850130,886674,3659443,3189880,807,703028,7033776,,430,506271,3429282,2913636,6850130
23-04-2021,Madhya Pradesh,7774354,308207,2047,6871962,902392,3671408,3199738,816,705551,7068803,,431,508281,3442531,2920209,6871962
24-04-2021,Madhya Pradesh,7895385,551060,4096,6942784,952601,3709657,3232300,827,713166,7182219,,431,510556,3488643,2942638,6942784
25-04-2021,Madhya Pradesh,7908711,74730,425,6949787,958924,3713363,3235596,828,714407,7194304,,431,510777,3493070,2944993,6949787
26-04-2021,Madhya Pradesh,7991537,465321,3387,6988355,1003182,3734180,3253341,834,721652,7269885,,435,512112,3517464,2957828,6988355
27-04-2021,Madhya Pradesh,8010474,368543,2756,6996487,1013987,3738364,3257287,836,722336,7288138,,437,650948,3384279,2960310,6996487
28-04-2021,Madhya Pradesh,8071696,404310,2769,7020074,1051622,3750770,3268464,840,725988,7345708,,439,652513,3398551,2968057,7020074
29-04-2021,Madhya Pradesh,8077002,313977,2345,7022419,1054583,3751979,3269600,840,726478,7350524,,439,652563,3400116,2968943,7022419
30-04-2021,Madhya Pradesh,8079538,220380,1440,7023042,1056496,3752265,3269937,840,726655,7352883,,441,652550,3400597,2969097,7023042
01-05-2021,Madhya Pradesh,8147203,346535,2326,7043286,1103917,3762888,3279556,842,731864,7415339,,442,654010,3413415,2975063,7043286
02-05-2021,Madhya Pradesh,8154964,80040,459,7046019,1108945,3764322,3280855,842,732269,7422695,,445,651581,3417853,2975823,7046019
03-05-2021,Madhya Pradesh,8228404,404950,2534,7065585,1162819,3774656,3290084,845,743924,7484480,,448,653119,3429887,2981817,7065585
04-05-2021,Madhya Pradesh,8249533,191300,1141,7071530,1178003,3777812,3292870,848,749077,7500456,,448,653808,3433481,2983477,7071530
05-05-2021,Madhya Pradesh,8380264,588991,3913,7110730,1269534,3799418,3310460,852,776013,7604251,,448,661144,3454317,2994501,7110730
06-05-2021,Madhya Pradesh,8490151,488160,3215,7146019,1344132,3819136,3326026,857,799068,7691083,,448,668970,3472514,3003762,7146019
07-05-2021,Madhya Pradesh,8508272,127360,722,7151755,1356517,3822464,3328433,858,803046,7705226,,449,670186,3475888,3004907,7151755
08-05-2021,Madhya Pradesh,8634077,412061,2680,7201637,1432440,3851055,3349719,863,842263,7791814,,499,692367,3495071,3013415,7201637
09-05-2021,Madhya Pradesh,8636212,314190,2485,7202462,1433750,3851501,3350098,863,842561,7793651,,501,692526,3495550,3013602,7202462
10-05-2021,Madhya Pradesh,8765843,694290,4737,7251862,1513981,3879511,3371484,867,881517,7884326,,518,715107,3513442,3022387,7251862
11-05-2021,Madhya Pradesh,8785173,396390,3008,7256989,1528184,3882242,3373879,868,885709,7899464,,518,715901,3516578,3023573,7256989
12-05-2021,Madhya Pradesh,8923121,600201,4306,7335386,1587735,3927624,3406877,885,931944,7991177,,519,761961,3538685,3033703,7335386
13-05-2021,Madhya Pradesh,9034702,546371,3741,7402933,1631769,3967422,3434616,895,974088,8060614,,521,808855,3553133,3039835,7402933
14-05-2021,Madhya Pradesh,9037120,88070,502,7403682,1633438,3967847,3434940,895,975038,8062082,,521,808980,3553560,3040029,7403682
15-05-2021,Madhya Pradesh,9163547,601434,4209,7472841,1690706,4007674,3464264,903,1023820,8139727,,522,856676,3569075,3045897,7472841
16-05-2021,Madhya Pradesh,9164574,65610,360,7473284,1691290,4007910,3464471,903,1024104,8140470,,522,856723,3569341,3046027,7473284
17-05-2021,Madhya Pradesh,9258467,694626,4474,7547349,1711118,4050359,3496072,918,1050666,8207801,,522,905049,3589017,3052047,7547349
18-05-2021,Madhya Pradesh,9264811,89262,420,7551243,1713568,4052484,3497841,918,1053396,8211415,,523,906040,3591334,3052630,7551243
19-05-2021,Madhya Pradesh,9405542,413780,2526,7678925,1726617,4129034,3548938,953,1067827,8337715,,526,1011673,3608608,3057352,7678925
20-05-2021,Madhya Pradesh,9534535,703834,4736,7798981,1735554,4200360,3597641,980,1077427,8457108,,534,1112802,3623283,3061551,7798981
21-05-2021,Madhya Pradesh,9633945,353879,2041,7890673,1743272,4254818,3634858,997,1085378,8548567,0,535,1189139,3635454,3064693,7890673
22-05-2021,Madhya Pradesh,9780866,694195,4480,8027748,1753118,4335790,3690920,1038,1095058,8685808,0,536,1302409,3654326,3069565,8027748
23-05-2021,Madhya Pradesh,9951903,288268,1441,8197098,1754805,4437950,3758061,1087,1096552,8855351,0,538,1468519,3656904,3070161,8197098
24-05-2021,Madhya Pradesh,10169757,692010,4015,8407255,1762502,4562142,3843964,1149,1104353,9065404,0,540,1651608,3678539,3075523,8407255
25-05-2021,Madhya Pradesh,10176369,80166,419,8412889,1763480,4565340,3846398,1151,1105423,9070946,0,541,1655295,3680069,3075938,8412889
26-05-2021,Madhya Pradesh,10178601,139388,970,8415023,1763578,4566608,3847264,1151,1105486,9073115,0,544,1656959,3680406,3076071,8415023
27-05-2021,Madhya Pradesh,10408718,501493,2576,8636592,1772126,4698806,3936574,1212,1114104,9294614,0,546,1848478,3704381,3082018,8636592
28-05-2021,Madhya Pradesh,10632295,441630,2210,8854635,1777660,4829726,4023629,1280,1119978,9512317,0,550,2048274,3719010,3085479,8854635
29-05-2021,Madhya Pradesh,10882668,499165,2585,9098436,1784232,4977375,4119682,1379,1128087,9754581,0,552,2267532,3738666,3090152,9098436
30-05-2021,Madhya Pradesh,10899947,51252,240,9115504,1784443,4988691,4125433,1380,1128808,9771139,0,555,2282765,3740093,3090534,9115504
31-05-2021,Madhya Pradesh,11170319,518453,2584,9378050,1792269,5145393,4231195,1462,1147298,10023021,0,559,2510712,3767425,3097559,9378050
01-06-2021,Madhya Pradesh,11188263,54887,240,9394692,1793571,5156495,4236734,1463,1149627,10038636,0,561,2522465,3771223,3098629,9394692
02-06-2021,Madhya Pradesh,11481427,538296,2794,9680087,1801340,5329622,4348903,1562,1181438,10299989,0,562,2773930,3798205,3105346,9680087
03-06-2021,Madhya Pradesh,11853494,753961,3064,10041226,1812268,5550998,4488574,1654,1410736,10442758,0,564,3105447,3822099,3110724,10041226
04-06-2021,Madhya Pradesh,12217489,709874,2662,10399189,1818300,5770793,4626564,1832,1542992,10674497,0,565,3435106,3844631,3116128,10399189
05-06-2021,Madhya Pradesh,12629509,863343,3106,10796888,1832621,6012607,4782344,1937,1721232,10908277,0,572,3791272,3878060,3123898,10796888
06-06-2021,Madhya Pradesh,12759138,361260,1190,10923948,1835190,6091184,4830791,1973,1749629,11009509,0,584,3904372,3889127,3126674,10923948
07-06-2021,Madhya Pradesh,13151267,847074,3132,11299196,1852071,6311278,4985842,2076,1783202,11368065,0,606,4231769,3926736,3136632,11299196
08-06-2021,Madhya Pradesh,13217372,164192,472,11361743,1855629,6349177,5010475,2091,1791652,11425720,0,609,4283343,3935366,3138931,11361743
09-06-2021,Madhya Pradesh,13584232,746693,2766,11708227,1876005,6551282,5154765,2180,1833593,11750639,0,609,4583887,3971202,3148746,11708227
10-06-2021,Madhya Pradesh,13769115,470288,1702,11877371,1891744,6653448,5221707,2216,1877511,11891604,0,610,4725254,3992813,3154789,11877371
11-06-2021,Madhya Pradesh,13796834,101885,329,11899138,1897696,6666235,5230681,2222,1885222,11911612,0,610,4741722,3996910,3155973,11899138
12-06-2021,Madhya Pradesh,13897841,290271,1346,11956103,1941738,6700729,5253138,2236,1935761,11962080,0,611,4788333,4004790,3158349,11956103
13-06-2021,Madhya Pradesh,13943751,140181,545,11992799,1950952,6722055,5268496,2248,1945457,11998294,0,611,4817622,4010301,3160214,11992799
14-06-2021,Madhya Pradesh,14443636,1098905,3649,12452440,1991196,6979573,5470516,2351,1970395,12473241,0,611,5198064,4069993,3179379,12452440
15-06-2021,Madhya Pradesh,14495499,118608,465,12497943,1997556,7005937,5489651,2355,1976933,12518566,0,611,5234145,4077085,3181663,12497943
16-06-2021,Madhya Pradesh,14840484,789248,2850,12815277,2025207,7179396,5633448,2433,1989735,12850749,0,613,5493924,4120418,3195728,12815277
17-06-2021,Madhya Pradesh,14975268,376800,1471,12934175,2041093,7246471,5685249,2455,1998514,12976754,0,614,5587872,4138587,3202450,12934175
18-06-2021,Madhya Pradesh,14994833,72904,289,12950585,2044248,7256100,5692024,2461,2001183,12993650,0,614,5600087,4141656,3203555,12950585
19-06-2021,Madhya Pradesh,15018743,162607,614,12964134,2054609,7264208,5697465,2461,2012375,13006368,0,614,5610083,4144143,3204602,12964134
20-06-2021,Madhya Pradesh,15019817,44624,189,12965037,2054780,7264881,5697697,2459,2012568,13007249,0,614,5610889,4144227,3204616,12965037
21-06-2021,Madhya Pradesh,16733198,5322694,8152,14594389,2138809,8189179,6402467,2743,2094649,14638549,0,614,6894606,4399399,3294204,14594389
22-06-2021,Madhya Pradesh,16803173,81880,290,14660585,2142588,8227651,6430183,2751,2099516,14703657,0,616,6943827,4411869,3298663,14660585
23-06-2021,Madhya Pradesh,17978981,4275051,6937,15775623,2203358,8830079,6942582,2962,2283732,15695249,0,616,7790914,4607574,3370465,15775623
24-06-2021,Madhya Pradesh,18769872,2619613,5087,16512594,2257278,9233340,7276160,3094,2399704,16370168,0,621,8342482,4743089,3420102,16512594
25-06-2021,Madhya Pradesh,18801044,261225,553,16543406,2257638,10527907,8269900,3237,2403373,16397671,0,623,8954652,5528562,4317830,16543406
26-06-2021,Madhya Pradesh,19801236,3691545,5773,17444479,2356757,11069005,8728819,3412,2430673,17370563,0,637,9647232,5746747,4407257,17444479
27-06-2021,Madhya Pradesh,19826706,108174,264,17466782,2359924,11083662,8739628,3416,2437662,17389044,0,639,9665085,5752183,4409438,17466782
28-06-2021,Madhya Pradesh,20289692,1646251,3257,17897347,2392345,11330347,8955865,3480,2588310,17701382,0,642,9990968,5850581,4448143,17897347
29-06-2021,Madhya Pradesh,20303352,56656,177,17909367,2393985,11337805,8962064,3483,2591107,17712245,0,644,9999993,5853979,4449380,17909367
30-06-2021,Madhya Pradesh,20314158,240171,436,17917782,2396376,11343076,8967596,3486,2591488,17722566,104,647,10006907,5856767,4450484,17917782
01-07-2021,Madhya Pradesh,21302275,2270021,5013,18757527,2544748,11857277,9441305,3693,2593206,18708965,104,651,10643691,6107197,4551387,18757527
02-07-2021,Madhya Pradesh,21326909,17381,65,18778322,2548587,11870386,9452826,3697,2593774,18733031,104,713,10659280,6113582,4554047,18778322
03-07-2021,Madhya Pradesh,21594951,571599,2029,18782476,2812475,12028691,9562493,3767,2857676,18737171,104,823,10864294,6156486,4574171,18782476
04-07-2021,Madhya Pradesh,21602436,19936,87,18783420,2819016,12032973,9565693,3770,2864042,18738290,104,829,10869316,6158208,4574912,18783420
05-07-2021,Madhya Pradesh,22016213,729028,3092,18788825,3227388,12258714,9753686,3813,2887962,19128039,212,829,10898367,6406280,4711566,18788825
06-07-2021,Madhya Pradesh,22028495,25354,80,18792034,3236461,12265543,9759137,3815,2889904,19138218,373,831,10902881,6411555,4714059,18792034
