Updated On,State,TotalDosesAdministered,TotalSessionsConducted,TotalSites ,FirstDoseAdministered,SecondDoseAdministered,Male,Female,Transgender,Covaxin,CoviShield,SputnikV,AEFI,18_45_years,45_60_years,60_+_years,Total_Individuals_Vaccinated
16-03-2021,Tamil Nadu,1423843,423030,3437,1282816,141027,620171,662519,126,40810,1383033,,73,322414,540610,418950,1282816
17-03-2021,Tamil Nadu,1581558,444380,3573,1429800,151758,697116,732543,141,53377,1528181,,76,337968,596277,494681,1429800
18-03-2021,Tamil Nadu,1695339,461790,3653,1533516,161823,751309,782055,152,68471,1626868,,77,352791,641931,537882,1533516
19-03-2021,Tamil Nadu,1814949,500350,3899,1642080,172869,807514,834405,161,89414,1725535,,78,368572,691503,581071,1642080
20-03-2021,Tamil Nadu,1941168,543740,4310,1757406,183762,866260,890975,171,119795,1821373,,78,386626,745519,624307,1757406
21-03-2021,Tamil Nadu,1988556,408710,3120,1801246,187310,888940,912132,174,138934,1849622,,78,394846,767452,637988,1801246
22-03-2021,Tamil Nadu,2085366,579005,4594,1889774,195592,935356,954239,179,168271,1917095,,82,407952,806084,674759,1889774
23-03-2021,Tamil Nadu,2217917,583120,4630,2011826,206091,999552,1012083,191,217158,2000759,,82,429721,861452,719630,2011826
24-03-2021,Tamil Nadu,2317475,590990,4676,2105533,211942,1049036,1056302,195,258964,2058511,,83,444533,903357,756597,2105533
25-03-2021,Tamil Nadu,2422220,602240,4783,2204055,218165,1100794,1103055,206,295526,2126694,,83,459325,947779,795893,2204055
26-03-2021,Tamil Nadu,2527792,617041,4885,2302650,225142,1152730,1149696,224,322886,2204906,,83,475284,994093,832176,2302650
27-03-2021,Tamil Nadu,2632190,605970,4792,2401267,230923,1203922,1197107,238,345673,2286517,,84,492512,1042225,865414,2401267
28-03-2021,Tamil Nadu,2653179,543590,3811,2421436,231743,1214411,1206786,239,350269,2302910,,84,495841,1052585,871891,2421436
29-03-2021,Tamil Nadu,2748044,669210,4938,2509568,238476,1258748,1250570,250,366211,2381833,,84,508103,1092063,908271,2509568
30-03-2021,Tamil Nadu,2829551,648260,4922,2583284,246267,1295951,1287074,259,378779,2450772,,84,519616,1125509,937014,2583284
31-03-2021,Tamil Nadu,2905435,657690,4946,2650411,255024,1329998,1320150,263,390439,2514996,,85,529975,1155390,963878,2650411
01-04-2021,Tamil Nadu,2965312,596320,4468,2703180,262132,1357225,1345688,267,398362,2566950,,85,537339,1181454,983213,2703180
02-04-2021,Tamil Nadu,3046904,597370,4523,2774534,272370,1393809,1380453,272,410098,2636806,,85,547546,1217971,1007821,2774534
03-04-2021,Tamil Nadu,3101889,588890,4462,2821427,280462,1418172,1402974,281,417195,2684694,,85,554007,1242126,1024090,2821427
04-04-2021,Tamil Nadu,3141884,550710,4079,2855222,286662,1435695,1419242,285,423427,2718457,,85,557695,1260859,1035458,2855222
05-04-2021,Tamil Nadu,3187087,625230,4692,2892174,294913,1454548,1437337,289,429313,2757774,,85,558032,1281579,1051351,2892174
06-04-2021,Tamil Nadu,3219359,606290,4595,2918808,300551,1468052,1450465,291,434314,2785045,,85,558301,1297088,1062207,2918808
07-04-2021,Tamil Nadu,3280537,636020,4829,2967647,312890,1492854,1474497,296,443519,2837018,,86,558714,1324370,1083351,2967647
08-04-2021,Tamil Nadu,3400924,639010,4932,3061151,339773,1540934,1519910,307,459339,2941585,,86,559387,1374899,1125652,3061151
09-04-2021,Tamil Nadu,3532446,661150,5057,3166812,365634,1598360,1568125,327,475882,3056564,,87,561815,1435320,1168465,3166812
10-04-2021,Tamil Nadu,3665295,628960,4861,3274164,391131,1657055,1616775,334,492256,3173039,,88,564030,1500643,1208278,3274164
11-04-2021,Tamil Nadu,3714682,617770,4769,3316055,398627,1680666,1635052,337,500185,3214497,,89,564869,1526893,1223081,3316055
12-04-2021,Tamil Nadu,3880228,654291,5133,3449290,430938,1753902,1695027,361,517200,3363028,,89,568091,1605441,1274549,3449290
13-04-2021,Tamil Nadu,4019326,660880,5169,3565954,453372,1821956,1743614,384,532413,3486913,,90,571908,1676744,1316094,3565954
14-04-2021,Tamil Nadu,4110125,648770,5096,3641043,469082,1866609,1774045,389,542671,3567454,,90,574452,1722775,1342605,3641043
15-04-2021,Tamil Nadu,4315785,673000,5229,3801731,514054,1953686,1847635,410,563954,3751831,,91,578668,1816091,1405758,3801731
16-04-2021,Tamil Nadu,4528836,664911,5249,3966587,562249,2043812,1922344,431,590463,3938373,,95,584458,1914345,1466567,3966587
17-04-2021,Tamil Nadu,4669044,621790,4900,4063643,605401,2096168,1967033,442,613357,4055687,,100,589328,1972383,1500712,4063643
18-04-2021,Tamil Nadu,4710862,637202,5010,4090953,619909,2110947,1979559,447,624338,4086524,,101,590756,1988812,1510164,4090953
19-04-2021,Tamil Nadu,4813376,668830,5279,4147072,666304,2140772,2005846,454,654271,4159105,,101,594251,2019843,1531756,4147072
20-04-2021,Tamil Nadu,4892064,674276,5337,4187565,704499,2162999,2024108,458,682404,4209660,,103,597311,2042371,1546660,4187565
21-04-2021,Tamil Nadu,4965564,668784,5300,4223251,742313,2182481,2040308,462,708301,4257263,,103,600209,2062235,1559583,4223251
22-04-2021,Tamil Nadu,5075681,679124,5384,4268889,806792,2206806,2061619,464,728203,4347478,,105,603361,2087506,1576796,4268889
23-04-2021,Tamil Nadu,5205556,675120,5380,4323326,882230,2236387,2086468,471,745060,4460496,,106,607068,2118184,1596851,4323326
24-04-2021,Tamil Nadu,5327915,617336,4927,4376661,951254,2265694,2110488,479,757930,4569985,,106,611262,2149759,1614410,4376661
25-04-2021,Tamil Nadu,5351073,604336,4852,4388384,962689,2272205,2115700,479,761022,4590051,,106,612470,2156407,1618277,4388384
26-04-2021,Tamil Nadu,5483332,645676,5199,4440291,1043041,2299858,2139949,484,783406,4699926,,107,615923,2185555,1637581,4440291
27-04-2021,Tamil Nadu,5624732,640116,5195,4495630,1129102,2329760,2165375,495,814748,4809984,,109,813952,2023847,1656603,4495630
28-04-2021,Tamil Nadu,5740648,576238,4597,4544279,1196369,2356703,2187074,502,839740,4900908,,110,819886,2050283,1672879,4544279
29-04-2021,Tamil Nadu,5845197,589646,4739,4589747,1255450,2381715,2207525,507,868619,4976578,,111,825686,2075222,1687749,4589747
30-04-2021,Tamil Nadu,5947056,555067,4531,4635084,1311972,2407092,2227478,514,896561,5050495,,113,831994,2100415,1701578,4635084
01-05-2021,Tamil Nadu,6030884,461886,3764,4671707,1359177,2426960,2244224,523,910724,5120160,,115,837214,2121033,1712362,4671707
02-05-2021,Tamil Nadu,6046415,402658,3365,4679335,1367080,2431001,2247811,523,913563,5132852,,116,832596,2131136,1714547,4679335
03-05-2021,Tamil Nadu,6135244,452408,3730,4716835,1418409,2450657,2265646,532,923475,5211769,,116,839058,2150306,1726414,4716835
04-05-2021,Tamil Nadu,6210666,418198,3459,4750360,1460306,2468954,2280866,540,932547,5278119,,117,846393,2166969,1735936,4750360
05-05-2021,Tamil Nadu,6279062,418270,3504,4781479,1497583,2486010,2294927,542,941481,5337581,,117,853351,2182289,1744776,4781479
06-05-2021,Tamil Nadu,6379188,436770,3669,4823176,1556012,2508538,2314086,552,963716,5415472,,120,862476,2203648,1755989,4823176
07-05-2021,Tamil Nadu,6478830,426050,3512,4866561,1612269,2532046,2333957,558,985661,5493169,,121,872912,2225561,1767024,4866561
08-05-2021,Tamil Nadu,6546261,422980,3530,4895451,1650810,2547862,2347025,564,1000822,5545439,,121,880824,2239487,1774074,4895451
09-05-2021,Tamil Nadu,6569914,322700,2734,4906062,1663852,2553413,2352083,566,1005549,5564365,,122,883930,2244165,1776901,4906062
10-05-2021,Tamil Nadu,6676837,395270,3336,4951333,1725504,2578019,2372741,573,1016620,5660217,,122,893529,2267276,1789425,4951333
11-05-2021,Tamil Nadu,6762623,382670,3281,4991388,1771235,2600786,2390020,582,1026445,5736178,,122,904479,2286716,1799065,4991388
12-05-2021,Tamil Nadu,6851406,355450,3136,5037596,1813810,2627062,2409949,585,1035957,5815449,,122,915658,2310165,1810620,5037596
13-05-2021,Tamil Nadu,6951309,344020,3030,5092140,1859169,2657709,2433839,592,1045897,5905412,,122,929471,2337722,1823765,5092140
14-05-2021,Tamil Nadu,7009930,309750,2770,5126070,1883860,2677175,2448301,594,1052108,5957822,,122,938151,2355329,1831396,5126070
15-05-2021,Tamil Nadu,7074066,319540,2789,5162834,1911232,2698147,2464084,603,1065723,6008343,,122,948615,2373734,1839278,5162834
16-05-2021,Tamil Nadu,7088176,239270,1949,5172965,1915211,2703711,2468649,605,1069858,6018318,,122,951488,2378644,1841624,5172965
17-05-2021,Tamil Nadu,7145700,390414,2565,5216811,1928889,2728966,2487231,614,1087164,6058536,,122,961398,2402529,1851650,5216811
18-05-2021,Tamil Nadu,7194563,349377,2453,5255610,1938953,2751567,2503426,617,1100365,6094198,,123,973531,2421501,1859315,5255610
19-05-2021,Tamil Nadu,7238986,328197,2365,5292027,1946959,2772935,2518471,621,1111414,6127572,,123,985250,2439234,1866262,5292027
20-05-2021,Tamil Nadu,7281385,311607,2305,5328713,1952672,2794590,2533484,639,1120399,6160986,,124,997180,2457011,1873225,5328713
21-05-2021,Tamil Nadu,7324570,311620,2226,5366882,1957688,2817378,2548862,642,1127840,6196730,0,124,1010184,2475298,1880086,5366882
22-05-2021,Tamil Nadu,7376365,383947,2604,5414503,1961862,2844758,2569100,645,1134499,6241866,0,124,1024874,2498682,1889605,5414503
23-05-2021,Tamil Nadu,7391550,259156,1850,5428452,1963098,2852648,2575158,646,1135878,6255672,0,124,1029907,2504920,1892281,5428452
24-05-2021,Tamil Nadu,7474446,458062,2596,5507417,1967029,2901025,2605735,657,1143767,6330679,0,126,1078410,2526597,1901026,5507417
25-05-2021,Tamil Nadu,7661541,641568,2730,5690306,1971235,3017105,2672515,686,1159495,6502046,0,126,1233814,2546666,1908399,5690306
26-05-2021,Tamil Nadu,7911981,789452,3078,5937633,1974348,3174901,2762018,714,1175779,6736202,0,126,1443321,2574094,1918723,5937633
27-05-2021,Tamil Nadu,8207573,842133,2815,6228593,1978980,3357045,2870799,749,1198182,7009391,0,126,1678796,2614949,1933278,6228593
28-05-2021,Tamil Nadu,8515660,909080,2789,6520208,1995452,3538193,2981235,780,1252763,7262897,0,128,1918692,2653167,1946732,6520208
29-05-2021,Tamil Nadu,8794771,933782,2606,6781739,2013032,3696597,3084329,813,1323927,7470844,0,129,2134830,2686468,1958773,6781739
30-05-2021,Tamil Nadu,8893998,609522,2001,6875084,2018914,3752036,3122221,827,1347360,7546638,0,129,2205561,2702698,1965148,6875084
31-05-2021,Tamil Nadu,9095854,883636,2504,7063107,2032747,3865164,3197073,870,1398688,7697166,0,129,2328317,2749968,1983101,7063107
01-06-2021,Tamil Nadu,9240004,647083,1940,7190142,2049862,3940737,3248526,879,1448667,7791337,0,130,2412174,2781604,1994628,7190142
02-06-2021,Tamil Nadu,9349171,591489,1754,7286844,2062327,3998233,3287723,888,1486152,7863019,0,130,2475113,2806214,2003732,7286844
03-06-2021,Tamil Nadu,9620641,1110367,2465,7545710,2074931,4147270,3397503,937,1525249,8095392,0,132,2629677,2881221,2032962,7545710
04-06-2021,Tamil Nadu,9876220,1034732,2339,7790199,2086021,4289450,3499701,1048,1579310,8296910,0,132,2788463,2943579,2056176,7790199
05-06-2021,Tamil Nadu,10018873,705541,1751,7924700,2094173,4367398,3556238,1064,1633138,8385735,0,132,2879183,2975186,2068285,7924700
06-06-2021,Tamil Nadu,10069493,403493,1109,7972482,2097011,4394275,3577141,1066,1661068,8408425,0,132,2910677,2986909,2072824,7972482
07-06-2021,Tamil Nadu,10135731,514480,1348,8031685,2104046,4428871,3601738,1076,1695583,8440148,0,133,2950450,3000710,2078369,8031685
08-06-2021,Tamil Nadu,10185541,361855,980,8076791,2108750,4456160,3619550,1081,1712385,8473156,0,135,2983869,3009106,2081619,8076791
09-06-2021,Tamil Nadu,10228792,348538,924,8116108,2112684,4480787,3634233,1088,1723335,8505457,0,135,3013380,3016162,2084330,8116108
10-06-2021,Tamil Nadu,10272414,309184,877,8156189,2116225,4505260,3649828,1101,1731945,8540444,25,135,3044343,3022731,2086846,8156189
11-06-2021,Tamil Nadu,10340158,368882,1058,8215741,2124417,4540999,3673630,1112,1770029,8569989,140,135,3087391,3034365,2091644,8215741
12-06-2021,Tamil Nadu,10648430,1192833,2220,8503345,2145085,4702048,3800150,1147,1805831,8842307,292,135,3290522,3094824,2115532,8503345
13-06-2021,Tamil Nadu,10866186,1015228,1802,8711904,2154282,4814660,3896077,1167,1832529,9033365,292,135,3434812,3140460,2134110,8711904
14-06-2021,Tamil Nadu,11147886,1217066,2193,8976866,2171020,4956876,4018791,1199,1891333,9256218,335,135,3614126,3200509,2159655,8976866
15-06-2021,Tamil Nadu,11285738,686688,1542,9104491,2181247,5027189,4076041,1261,1936105,9349288,345,135,3700064,3229605,2172227,9104491
16-06-2021,Tamil Nadu,11643851,1593852,2357,9441618,2202233,5204848,4235461,1309,1986276,9657220,355,135,3922308,3310024,2206638,9441618
17-06-2021,Tamil Nadu,11935112,1208426,2057,9713059,2222053,5351031,4360686,1342,2043906,9890841,365,135,4104739,3372437,2233154,9713059
18-06-2021,Tamil Nadu,12148674,1066866,1930,9911018,2237656,5456778,4452869,1371,2097552,10050732,390,136,4240700,3416060,2251458,9911018
19-06-2021,Tamil Nadu,12498914,1417621,2249,10238404,2260510,5623026,4613947,1431,2133139,10365370,405,136,4466868,3486880,2281775,10238404
20-06-2021,Tamil Nadu,12701415,1174817,1532,10429212,2272203,5718152,4709615,1445,2144571,10556439,405,136,4590717,3532603,2302968,10429212
21-06-2021,Tamil Nadu,13106666,1689629,1994,10807056,2299610,5905884,4899590,1582,2159078,10947148,440,136,4836041,3622791,2345177,10807056
22-06-2021,Tamil Nadu,13414792,1050430,1721,11092832,2321960,6051762,5039433,1637,2172525,11241792,475,136,5025720,3688797,2375180,11092832
23-06-2021,Tamil Nadu,13636788,781734,1596,11289696,2347092,6151199,5136751,1746,2263719,11372533,536,136,5158885,3732182,2395404,11289696
24-06-2021,Tamil Nadu,14048419,1313177,2069,11658908,2389511,6332856,5324230,1822,2366442,11681370,607,137,5399739,3818552,2437324,11658908
25-06-2021,Tamil Nadu,14478557,1364039,2118,12056330,2422227,7802002,6674561,1994,2449270,12028617,670,139,6222352,4891246,3364959,12056330
26-06-2021,Tamil Nadu,14890041,1285585,2007,12420061,2469980,8003529,6884453,2059,2505217,12384000,824,140,6489322,4988273,3412446,12420061
27-06-2021,Tamil Nadu,15021946,635680,1155,12535263,2486683,8066587,6953217,2142,2531246,12489871,829,140,6573509,5020430,3428007,12535263
28-06-2021,Tamil Nadu,15231397,876317,1498,12716906,2514491,8169942,7059206,2249,2569981,12660446,970,142,6708321,5070378,3452698,12716906
29-06-2021,Tamil Nadu,15510424,947238,1742,12963745,2546679,8308005,7200111,2308,2596643,12912612,1169,142,6887342,5137732,3485350,12963745
30-06-2021,Tamil Nadu,15642085,838951,1205,13072807,2569278,8375147,7264601,2337,2619254,13021219,1612,143,6971101,5168878,3502106,13072807
01-07-2021,Tamil Nadu,15859592,783388,1598,13260693,2598899,8482951,7374266,2375,2633986,13223775,1831,144,7105140,5223458,3530994,13260693
02-07-2021,Tamil Nadu,16171046,1026676,1795,13523115,2647931,8634601,7534017,2428,2659078,13509903,2065,149,7296108,5302829,3572109,13523115
03-07-2021,Tamil Nadu,16636165,1173802,1688,13922204,2713961,8854803,7778832,2530,2685792,13947931,2442,149,7578814,5423431,3633920,13922204
04-07-2021,Tamil Nadu,16747198,380516,781,14014851,2732347,8907074,7837531,2593,2694411,14050198,2589,151,7645188,5453154,3648856,14014851
05-07-2021,Tamil Nadu,16920558,548611,1180,14153278,2767280,8989992,7927937,2629,2707950,14209753,2855,152,7746713,5499712,3674133,14153278
06-07-2021,Tamil Nadu,17017222,356126,873,14224524,2792698,9038014,7976534,2674,2720133,14293847,3242,155,7802442,5526290,3688490,14224524
