Updated On,State,TotalDosesAdministered,TotalSessionsConducted,TotalSites ,FirstDoseAdministered,SecondDoseAdministered,Male,Female,Transgender,Covaxin,CoviShield,SputnikV,AEFI,18_45_years,45_60_years,60_+_years,Total_Individuals_Vaccinated
16-03-2021,Telangana,722573,88470,595,507868,214705,272223,235602,43,96697,625876,,166,205955,176024,125542,507868
17-03-2021,Telangana,845902,79060,527,630011,215891,336026,293923,62,111405,734497,,230,207730,205713,216215,630011
18-03-2021,Telangana,878581,81890,564,661459,217122,352520,308874,65,117598,760983,,251,209569,216283,235253,661459
19-03-2021,Telangana,906927,85820,582,688667,218260,367119,321481,67,123264,783663,,255,211489,225952,250871,688667
20-03-2021,Telangana,939941,72150,482,720396,219545,383390,336934,72,131175,808766,,270,213895,238469,267674,720396
21-03-2021,Telangana,943919,8850,58,724262,219657,385366,338822,74,132510,811409,,272,214173,240316,269415,724262
22-03-2021,Telangana,979723,95000,679,758722,221001,403367,355273,82,138480,841243,,297,216031,252805,289528,758722
23-03-2021,Telangana,1016879,90950,645,793939,222940,422067,371783,89,145967,870912,,322,218732,266522,308322,793939
24-03-2021,Telangana,1051931,76500,525,828174,223757,440210,387870,94,154960,896971,,322,220971,279669,327168,828174
25-03-2021,Telangana,1093196,97300,689,867030,226166,460950,405981,99,163997,929199,,325,224063,294198,348399,867030
26-03-2021,Telangana,1134829,108552,781,905529,229300,481284,424144,101,173631,961198,,325,227416,309894,367847,905529
27-03-2021,Telangana,1171066,83450,608,940796,230270,499785,440903,108,181227,989839,,326,230312,325718,384392,940796
28-03-2021,Telangana,1173165,23800,143,942868,230297,500837,441923,108,181541,991624,,326,230439,326748,385307,942868
29-03-2021,Telangana,1186001,64970,375,955419,230582,507289,448022,108,184164,1001837,,326,231287,332471,391284,955419
30-03-2021,Telangana,1231006,146920,948,997601,233405,529413,468076,112,188577,1042429,,331,233794,349649,413776,997601
31-03-2021,Telangana,1267237,138097,851,1030664,236573,546656,483891,117,191982,1075255,,331,236090,363260,430930,1030664
01-04-2021,Telangana,1317924,157600,1120,1077830,240094,571707,505993,130,195556,1122368,,333,237922,390227,449293,1077830
02-04-2021,Telangana,1384865,155901,1119,1140121,244744,604985,534994,142,199274,1185591,,334,240543,428505,470684,1140121
03-04-2021,Telangana,1434779,134950,1045,1185843,248936,628999,556695,149,201697,1233082,,335,242735,455798,486919,1185843
04-04-2021,Telangana,1478863,144101,1070,1227030,251833,650825,576047,158,205151,1273712,,338,244568,482299,499769,1227030
05-04-2021,Telangana,1534833,168210,1222,1278480,256353,677183,601131,166,208067,1326766,,338,244692,512896,520497,1278480
06-04-2021,Telangana,1573611,172291,1256,1313584,260027,694979,618428,177,210995,1362616,,338,244791,534194,534203,1313584
07-04-2021,Telangana,1676020,168246,1209,1405944,270076,743023,662719,202,220900,1455120,,339,245075,589716,570758,1405944
08-04-2021,Telangana,1783117,203055,1380,1504570,278547,793811,710538,221,232662,1550455,,339,245353,648331,610489,1504570
09-04-2021,Telangana,1898182,204671,1352,1611380,286802,849966,761168,246,243555,1654627,,339,247132,712951,650897,1611380
10-04-2021,Telangana,2059925,191175,1286,1763427,296498,936035,827126,266,248890,1811035,,341,259197,806404,697424,1763427
11-04-2021,Telangana,2161186,187310,1252,1861282,299904,989927,871070,285,251212,1909974,,344,266656,865782,728436,1861282
12-04-2021,Telangana,2292040,202400,1337,1982573,309467,1059265,923010,298,257338,2034702,,351,277167,936417,768561,1982573
13-04-2021,Telangana,2318151,172425,1190,2006982,311169,1073604,933078,300,258492,2059659,,353,278801,952041,775705,2006982
14-04-2021,Telangana,2452611,201865,1299,2129490,323121,1132706,996466,318,267499,2185112,,353,283574,1021556,823906,2129490
15-04-2021,Telangana,2621835,202175,1338,2283343,338492,1206760,1076217,366,301224,2320611,,353,289657,1108497,884712,2283343
16-04-2021,Telangana,2802063,224375,1470,2447626,354437,1287765,1159471,390,405112,2396951,,356,296167,1204245,946717,2447626
17-04-2021,Telangana,2952245,208595,1370,2584964,367281,1356334,1228196,434,499940,2452305,,363,302095,1288120,994240,2584964
18-04-2021,Telangana,2960202,92975,675,2591096,369106,1359441,1231219,436,504773,2455429,,363,302297,1292208,996080,2591096
19-04-2021,Telangana,3132540,206150,1415,2742005,390535,1430494,1311035,476,518477,2614063,,365,306160,1381368,1053965,2742005
20-04-2021,Telangana,3272099,204300,1305,2861258,410841,1489601,1371160,497,539310,2732789,,366,310623,1453956,1096166,2861258
21-04-2021,Telangana,3394643,198015,1380,2965467,429176,1542539,1422408,520,551525,2843118,,366,314138,1519029,1131784,2965467
22-04-2021,Telangana,3604586,232855,1474,3148315,456271,1628321,1519396,598,561611,3042975,,367,319153,1629612,1199028,3148315
23-04-2021,Telangana,3811861,214731,1450,3332501,479360,1716318,1615538,645,571385,3240476,,367,325257,1744777,1261930,3332501
24-04-2021,Telangana,4003828,199705,1389,3500047,503781,1797477,1701884,686,580553,3423275,,367,331163,1853286,1315047,3500047
25-04-2021,Telangana,4071469,135990,977,3559142,512327,1826899,1731547,696,582589,3488880,,369,333142,1893504,1331943,3559142
26-04-2021,Telangana,4286975,203525,1418,3744656,542319,1914027,1829888,741,589584,3697391,,369,338254,2011580,1394261,3744656
27-04-2021,Telangana,4400003,161530,1166,3837190,562813,1960354,1876080,756,598594,3801409,,370,431082,1983240,1422302,3837190
28-04-2021,Telangana,4542064,175095,1271,3955399,586665,2017093,1937531,775,605152,3936912,,370,436534,2059973,1458318,3955399
29-04-2021,Telangana,4612780,150530,1114,4010610,602170,2043985,1965840,785,612321,4000459,,370,439001,2096390,1474714,4010610
30-04-2021,Telangana,4780184,173565,1240,4151762,628422,2113252,2037704,806,617745,4162439,,370,446819,2189913,1514512,4151762
01-05-2021,Telangana,4787544,79790,645,4157933,629611,2116446,2040680,807,618505,4169039,,370,447462,2193871,1516082,4157933
02-05-2021,Telangana,4787811,45725,405,4158090,629721,2116527,2040756,807,618541,4169270,,370,445480,2196001,1516126,4158090
03-05-2021,Telangana,4815920,123530,918,4178677,637243,2126844,2051023,810,618758,4197162,,370,445996,2210501,1521696,4178677
04-05-2021,Telangana,4881513,138750,1111,4227755,653758,2151299,2075608,848,619907,4261606,,370,446894,2244903,1535444,4227755
05-05-2021,Telangana,4960587,145750,1154,4275187,685400,2174836,2099486,865,622789,4337798,,370,447883,2277994,1548794,4275187
06-05-2021,Telangana,5042065,156760,1154,4325903,716162,2199976,2125049,878,625096,4416969,,370,448559,2313366,1563462,4325903
07-05-2021,Telangana,5122572,136425,1056,4376415,746157,2225004,2150520,891,626360,4496212,,371,449240,2348917,1577742,4376415
08-05-2021,Telangana,5202960,137050,1124,4388638,814322,2231492,2156251,895,635641,4567319,,372,449701,2355564,1582854,4388638
09-05-2021,Telangana,5205226,21160,144,4389592,815634,2232019,2156678,895,636355,4568871,,372,449810,2356121,1583142,4389592
10-05-2021,Telangana,5313900,145950,1112,4406542,907358,2240697,2164944,901,657177,4656723,,373,450634,2364922,1590381,4406542
11-05-2021,Telangana,5406513,147735,1090,4422419,984094,2248963,2172550,906,670078,4736435,,374,451686,2373531,1596546,4422419
12-05-2021,Telangana,5440783,157085,1152,4432324,1008459,2254044,2177374,906,679547,4761236,,374,452473,2378847,1600329,4432324
13-05-2021,Telangana,5479812,151790,1130,4442464,1037348,2259285,2182272,907,692132,4787680,,374,453149,2384812,1603807,4442464
14-05-2021,Telangana,5513553,158278,1183,4450029,1063524,2263127,2185992,910,709293,4804250,,374,453678,2389428,1606209,4450029
15-05-2021,Telangana,5513738,82305,631,4450028,1063710,2263096,2186019,913,709492,4804236,,374,453653,2389453,1606206,4450028
16-05-2021,Telangana,5513723,26000,201,4450013,1063710,2263086,2186014,913,709478,4804235,,374,453649,2389442,1606206,4450013
17-05-2021,Telangana,5514512,62130,478,4450594,1063918,2263410,2186272,912,710204,4804239,,374,453635,2389877,1606366,4450594
18-05-2021,Telangana,5516590,55815,437,4451311,1065279,2263801,2186598,912,712202,4804241,,374,453639,2390413,1606543,4451311
19-05-2021,Telangana,5519773,71808,535,4451824,1067949,2264072,2186840,912,715327,4804244,,374,453644,2390776,1606688,4451824
20-05-2021,Telangana,5523167,93390,546,4452572,1070595,2264422,2187238,912,718655,4804266,,374,453639,2391289,1606927,4452572
21-05-2021,Telangana,5523980,72507,486,4453033,1070947,2264641,2187480,912,719437,4804297,246,374,453629,2391622,1607065,4453033
22-05-2021,Telangana,5526806,94020,676,4453425,1073381,2264831,2187682,912,722244,4804302,260,374,453625,2391883,1607200,4453425
23-05-2021,Telangana,5527533,53810,420,4453837,1073696,2265006,2187919,912,722926,4804309,298,374,453624,2392157,1607339,4453837
24-05-2021,Telangana,5530377,68539,504,4454485,1075892,2265327,2188246,912,725749,4804311,317,374,453622,2392589,1607557,4454485
25-05-2021,Telangana,5589800,178468,1163,4462811,1126989,2269666,2192232,913,784357,4805088,355,376,454272,2398315,1609505,4462811
26-05-2021,Telangana,5653872,223929,1226,4477983,1175889,2277806,2199262,915,845213,4807581,1078,376,458630,2405956,1612643,4477983
27-05-2021,Telangana,5704158,190786,1050,4495506,1208652,2287346,2207239,921,891419,4810218,2521,376,467138,2412366,1615236,4495506
28-05-2021,Telangana,5807342,542584,1454,4577957,1229385,2343858,2233168,931,924870,4878751,3721,377,529528,2427887,1619705,4577957
29-05-2021,Telangana,5918092,480778,1398,4672773,1245319,2405975,2265849,949,952510,4959370,6212,377,602831,2444566,1624470,4672773
30-05-2021,Telangana,5985460,372856,918,4737360,1248100,2446245,2290157,958,959463,5018076,7921,377,655169,2454228,1627019,4737360
31-05-2021,Telangana,6064809,323819,1029,4802730,1262079,2484686,2317078,966,987525,5066616,10668,377,703935,2466797,1631012,4802730
01-06-2021,Telangana,6151360,322272,998,4878994,1272366,2528777,2349243,974,1014992,5123602,12766,378,762646,2479776,1635537,4878994
02-06-2021,Telangana,6226923,250288,694,4947737,1279186,2567857,2378898,982,1039209,5173837,13877,380,817205,2490283,1639129,4947737
03-06-2021,Telangana,6320774,308287,862,5033655,1287119,2619353,2413303,999,1066332,5239874,14568,380,886288,2502772,1643312,5033655
04-06-2021,Telangana,6428387,330941,884,5133125,1295262,2677981,2454098,1046,1095401,5318347,14639,380,965847,2517549,1648211,5133125
05-06-2021,Telangana,6577056,460158,1056,5274798,1302258,2760510,2513227,1061,1125557,5436733,14766,381,1081303,2537206,1654521,5274798
06-06-2021,Telangana,6695588,361542,707,5391957,1303631,2824463,2566418,1076,1143102,5537720,14766,382,1176114,2553853,1660092,5391957
07-06-2021,Telangana,6865466,564272,1010,5554284,1311182,2917140,2636054,1090,1175670,5674944,14852,382,1306111,2578096,1667886,5554284
08-06-2021,Telangana,7046084,620748,969,5728537,1317547,3015701,2711725,1111,1208645,5822501,14938,382,1446444,2603255,1676452,5728537
09-06-2021,Telangana,7224148,501736,954,5900344,1323804,3112587,2786610,1147,1238788,5970284,15076,382,1585877,2627170,1684671,5900344
10-06-2021,Telangana,7404779,489595,933,6074863,1329916,3210262,2863431,1170,1266941,6122634,15204,382,1725953,2652567,1693459,6074863
11-06-2021,Telangana,7616140,562285,957,6279779,1336361,3325980,2952538,1261,1295923,6304896,15321,383,1891763,2681553,1703291,6279779
12-06-2021,Telangana,7830864,559787,945,6488020,1342844,3439875,3046834,1311,1318999,6496069,15796,383,2058550,2712294,1713763,6488020
13-06-2021,Telangana,7981120,459294,634,6636883,1344237,3520239,3115297,1347,1330893,6633949,16278,383,2177363,2734616,1721404,6636883
14-06-2021,Telangana,8167470,806885,1355,6817886,1349584,3624950,3191544,1392,1387496,6763242,16732,383,2323486,2760464,1730271,6817886
15-06-2021,Telangana,8333524,801843,1335,6979076,1354448,3717284,3260342,1450,1455575,6860869,17080,383,2454248,2783385,1737601,6979076
16-06-2021,Telangana,8511947,855498,1410,7151956,1359991,3797577,3352902,1477,1544319,6949766,17862,383,2591061,2810321,1746560,7151956
17-06-2021,Telangana,8694842,832572,1389,7327371,1367471,3871238,3454631,1502,1641327,7033877,19638,383,2728097,2838790,1756327,7327371
18-06-2021,Telangana,8874911,808466,1278,7499623,1375288,3943476,3554626,1521,1705146,7147893,21872,383,2862757,2866422,1766071,7499623
19-06-2021,Telangana,9069710,833808,1283,7684311,1385399,4027496,3655261,1554,1759428,7285471,24811,383,3009035,2894698,1775973,7684311
20-06-2021,Telangana,9173921,583616,860,7785158,1388763,4068737,3714856,1565,1770763,7376481,26677,383,3087828,2910862,1781783,7785158
21-06-2021,Telangana,9327568,744979,1157,7928931,1398637,4136308,3790851,1772,1783499,7514259,29810,383,3197865,2935151,1790941,7928931
22-06-2021,Telangana,9486520,680265,1182,8076582,1409938,4209184,3865577,1821,1795818,7657901,32801,383,3312278,2959190,1800017,8076582
23-06-2021,Telangana,9654533,709481,1402,8233390,1421143,4285435,3946101,1854,1837928,7781640,34965,383,3427323,2989071,1811750,8233390
24-06-2021,Telangana,9865603,847904,1521,8430040,1435563,4384547,4043602,1891,1863743,7965489,36371,383,3574601,3024763,1825306,8430040
25-06-2021,Telangana,10082372,813027,1538,8632930,1449442,5255914,4824580,1878,1886233,8158456,37683,383,4010936,3698481,2372955,8632930
26-06-2021,Telangana,10326965,840199,1553,8850210,1476755,5379073,4945971,1921,1904231,8382528,40206,383,4186016,3747459,2393490,8850210
27-06-2021,Telangana,10431095,664666,1162,8945567,1485528,5432225,4996929,1941,1910238,8480087,40770,385,4262373,3767383,2401339,8945567
28-06-2021,Telangana,10654325,853463,1570,9139505,1514820,5545070,5107279,1976,1927219,8685130,41976,385,4415881,3815397,2423047,9139505
29-06-2021,Telangana,10874672,836781,1589,9329183,1545489,5658053,5214617,2002,1939623,8892072,42977,385,4565764,3863974,2444934,9329183
30-06-2021,Telangana,11071415,993023,1534,9493724,1577691,5758147,5311233,2035,1999363,9026550,45502,386,4698094,3908057,2465264,9493724
01-07-2021,Telangana,11240416,653268,1475,9636141,1604275,5846648,5391713,2055,2034883,9159256,46277,388,4816723,3942340,2481353,9636141
02-07-2021,Telangana,11423209,632178,1463,9783478,1639731,5943165,5477957,2087,2082632,9293548,47029,391,4941514,3982243,2499452,9783478
03-07-2021,Telangana,11631502,685945,1461,9939364,1692138,6053205,5576172,2125,2158670,9424271,48561,391,5083554,4028370,2519578,9939364
04-07-2021,Telangana,11648353,120105,173,9945428,1702925,6061855,5584370,2128,2167646,9431025,49682,391,5094843,4032082,2521428,9945428
05-07-2021,Telangana,11830169,628723,1335,10077461,1752708,6157293,5670713,2163,2242382,9536730,51057,391,5211183,4076514,2542472,10077461
06-07-2021,Telangana,11966330,546028,1228,10173744,1792586,6231169,5732962,2199,2312599,9601481,52250,391,5300864,4108647,2556819,10173744
